$ANSIBLE_VAULT;1.1;AES256
31376563656337663337353765353437303065633864323961646333623163613765633261326339
6266303136343363643263636164646139356565653864320a346238656138663334376533306639
66353464323463393637383664333964623732306537366636356633653736616635303363663333
6365366534656538630a306465313162303930346133323366633361373437663264363832643939
39656335353866303738373637393661303237653731306563643435393432356364626438666565
64366665326565363135643536383665343839643762363862353434313163643336366139303936
35346133316633666662336338383964303864343766376261613435643330633061376564356237
62353430353764363766346538393838656134373863366663613738643932656638643738633863
30386435363662373534346561663735306334656165663461666362653537333861306662616663
65613765373338303438623531623666323533363066303134313162363835633662396437393935
63613161316230313162336262306361363937363734376165383561613131616431346436633861
61356130363465356434643732396530346438333761346433643532336165383737333536643734
66396664646235393463366238356537373430376462623939613265616361383062353533313766
65663238336562346631633338376364643061373439336238626339313139376465636337653438
62643639316537373437623734323231343265633439633234623732353434653861646333623039
65353638626466363061333064346430313732376465386664323665363634613731303230653061
64323030383265396635633632633334623032613263633365333565393265646530336365353230
32333162386631353664393437336137613533333132653034316137633463643936376438353036
61356362663139666166316165383034303361336530636561366165636336306365303364343733
37343031313435363365323961393330623637393335643166633633613639393733613134646632
62343634373134623938663039616562373364386337363131626638323562663932313566636364
37356361346633356633383838376333653631623365643239393430396362616236643932353737
66646163643532396137613361393161626633303461343730656634396531343763313833303865
65323863343865646430626365633133663436663165386566393461333166616233313036626433
39343766636361653562363330353434616136353636346163366162643263656662386565663063
32646161633766636639353131616235353835343463343764343134633737653566316230323766
37316539363762363661383562386637616439353062366333333737613063306463333237393366
65383237376234393435383335366638666335386564653235373561313932336331633036336631
61626138333761633739383436386135386563306334316536623762353263666637363632633063
31343130663634623134343038343336326432616134306537316331623664323034313065656266
39636132613261323138373335653831363061666531666137393637363663303932623565343961
35323766353066396332303961376237636235613533633134303433656534386636633230376331
37663136616266616264353339386437373636336331336631663136633530656162396437323864
32313539336361636536333134323264316466656562343133646166636233333537393864653831
66656130613837656537363732666633376162653834313333623631636461653161336130373033
32376136353166336133366238663661366166393338623737656666356639623738333938666336
63623736616630303864383761396163386133346265376539313764643532333763303432393731
61373434393233623762323031333136663330626635396535613535653531303239336533313934
38346661333731633364313964346534656138666137653434653931353161633364663632373533
31363236326635626235353039643264616539613261303664633661336437336437356332623037
61396438336463653664313062333563656335386462313930306333326639653132
