$ANSIBLE_VAULT;1.1;AES256
37393532373533633465636131333763633963386438666432393436353938303433326331376330
3261646261303039386666626466663437643162313866390a346563643561323533306264643363
30313961313435336533636231323332623961366433336265363963656330656339663666643965
3431656432393537390a333534633238363364663761353462353262363136386163623763303739
64656439343862333562303765343032626239633232316233616462386665396436623266663539
62653761373830633737346663346232626266636537613339363839626436616535303138356336
66636536353934306330646133363233623463353362633436663338373664653933353335316166
30373262333564366632326431303263366430643530623161303832613232366166616531333138
61633465373062393265656434303165333430383639633237363535356533326339663536383365
64363031393533353938313362393663346330323363633165663964373236633638623463646165
30323431336133396562343339613136653538303834363966336236313435333966366364663932
32333764396332626135343933386235666334373734646465653231333333666666613538313131
30316663363735653030323132306434656132336438623731626664353332393634626661663934
63306638323364363564636533383737643963396265323834366137383838396537393838323764
38373464333631306131323635353234313733633737633933623235616534653465643637323263
66666336363932336532366662313162353266616332613034663932303336633535613037623665
61356139373135353866623230663531303932393265386533623737343938663061353463353032
39313030313966306130396332316635333032393364313462303538343332636231363062383837
37336139386130316463326365383930303139633265383761323535383935633832346564386138
36633265316131666262666333313538613231616333616339353461376266326466396534313630
63643938306133666337643131383135393661663137396262353537313335643664656364613338
61383338613063346136393130353433623462363335343634386234626363333736623334636264
66663761343936623733306336613030306635333837643230323064316435666464396538383032
64353834633731353438306334393261336239636465383837393166306263356165623839383432
66656661613366303032356264383165356432373037666139323933373032343534643366366635
35623435663937313334623364343332653633363037373037613263623735393662333561656263
65386435646437663032366432633764353163633230363732383936653932623036633665333961
63383236613931623965303336396438393932663564386561316161623263303466646138323739
61616436316364393335613164376439386432343734383231643435613433633139313138386236
36366135663033656635313438383134316438636362316664326161646462353831376166366237
63303161623333313533353166356530383136383762356233383164323534636536633234386266
66356365316564353864333365616632666530346237316166313763336432313335346164386138
63623861323163633036393732653163333365616265393731383233366335303562356663386538
36306334646137366463613466396239373137663536396239623532663434353163363232663162
37356263656534626162303633616434306137383162373734313330393266323233313234333963
31323266323934653433636333386664626331376133643136326432353262363430386264613036
35346530666435626166396138643861383331663061666135633034366331323435386661646161
38366665336137313232616363623064616433643832313234313537356536626233333062326233
34333066643066623037666335303164313464303438333838363961666266313839323062393365
32653363343337366462666164393335393733336339656630656334333831316634646530663436
38666432373431323735383332363962393030383035643362313563663030346666636538366538
3665383336386664646237643634373432333965646532376537
