$ANSIBLE_VAULT;1.1;AES256
65393533666437646163666363366635333965353332383939346336613963313161396265343335
3361653461343661313563393239313735373832303661370a333934643162316139613933343431
32633434343335313932663231623463376239376162653135363430363139396633306566313438
3865613534383361320a323431303539636337373739653432363231646334386433633063356463
35303865313134323764346139346435353739333732613436353866613837643733303831343934
34613237303031663336636261633962616234383064633832356539393838643437366431346364
63343639316538323537663832656139623764363836613639353530326338363531323737363264
35646237633665383532363831343639333566636137333731386361366263356337613635613231
39313438316663353437336334666364383833373266656236336264623533333266383437623132
62313337656634643434656565396333363733333930626538333932633137376637626335636538
32366666633966343736396539316430643764613363346431643937366537626333663565656461
37373464386336333132366465343337323235356164656262653735393866303466656265373766
65646237623530306261343931653731646462373236383837346438666661383039353538626232
61393063356162343065636239643930623633616135313237333361313930346365636135306635
61336234366466643138623738653135616466626632323037393363353165653735323432393737
62326534653466323833333431366332663766613130353839376539656566306461313261663864
35383763623132646631396230653038636431303431636666303465656632373862363734316334
37323863656464313763316533623337306535633330626662626230613361633234363661656637
34363739343961656439653033666439306565626235383231366237313632663333323766356334
35623263386431363061373065353231666431353734613762396335643233613766343234636331
35653838373361353365653066663830363363366362346334383235643338343663333235626633
34613734646530316637313464643839353038666430626436666163393264356338653061656236
64386237356635613435303936633936313736373535646362646133343631623334626138663534
39663235663065386238323861306666356536383630363564313734333663313765333933353961
34366431396566373761373934396264633037353339343338373335376365303334313834313939
61353566343365313734333731663836316461613164386630623961376566353866336262663830
64356134396565373861653031333736666239656231373332656163383535313639616635616433
63393332623238396138383165636136363862303630633738336461636465633763613836613130
34626266333531326464626663656435386266353838303861613636623534313837383737333236
34356639303232663161376564616132353533343038313833636438386166343337363037623962
65663564383530353664333638313033376230626138343432386465623761346537656632656365
64396364346130353335326533636230366266313138666662626664386139393066303031633065
32353866353632393561323864653636373037653637643234353835623431663366623930373939
34663337363563666232343465393335666463326665613130373032363235303537666462633061
39626239623861313166656165386366646232646430633234326330353834303037623562383732
33313664323561316136386430316361333334343339336262316463396365373538613763376463
39306165633666633437656138663464346661633739333834383234633731333536613939613235
30373630653863303564336161373761373462343763646338653964326333613966323739343064
33626631363032383932653065633736336130326437643666623963663434653638653438663136
32643035303438663639616565386464353663303966366464666134316362316363613865626430
6563
