$ANSIBLE_VAULT;1.1;AES256
64336531323366396530623139643734353033356163643264306362646133356336303563643238
3339663838343136623635333232313036666330663665300a323030353162666564336334363761
33313736366532323437623535396465356338316566303132306339616339346233616637613133
3233333536306639360a353235346331333330663530656632636162383434343337373839353531
34633662613036663133346633353862363161653361623665373337333532383930613738316664
39356264323436303437643039376137363463656534646239613465393630623538393466653065
30343833333262393234316534326438626563666562373263363531666262646630663961353434
39633330626563316331333939323633343535393632636233663231316462646662373066333663
30313663353964623265343463356135336336616232363838356433656534316463363637363334
62313663313834663839616231303637646161366236636238656433313263393332663664356162
62663066363934373034313539653337643236306563383138326262666664663164313737353535
63323862353262613065353736623235376634376464373961313764303734653635393636373339
36616132303262333031353730303237366633393930623338396263373231633262653436623034
63653866353831336262373831663139633362376663343332373763366533653166393063616231
32353038353237636663633335643039333765326639343136613462343863376161346137393665
31313439646366393663643536396630356333306162653266393263346163333766363234623938
62663631623437663437666334396134313666653136626366623763363730303330336236323136
62633432346165613336303532376338646136663739313361636564323364613033303937333735
37376435386265626333303562396438323437333763386132313461366533386235383838643963
38613566393935633530386533343861396462343033656164646664393462636533666231313333
34326434346232346665386437663235386633383733613133363962306464393436396336616233
33396139396535646566326362623663316662376639386462353136306639306135666632396139
62626465643735396561653739316265333232313061613332383861613066633733666438366566
31623739653836616235313931393136636661366364643838373831636661333063386438323165
39623838383663626338346365653862303732383335366232643963326465386339366235616262
31363061346165633437356261666363366134326331373639306433393863653162643238353436
32383334386634393338373635653563383036383162316431633033343834383265666436383933
34346436306364633939363364626134323365353535316237616663343436623533313262313163
37626664303838333731663232336466323937626164373666303639626133323236653565616638
34363834663166336661366437333535643032613064643864386562396363383533333766396338
38646634616363383739666539626166323032313061356139643062666634303532633864643036
30613561383461373632363030643266643236353338343762313664636531386630653439646335
31343436383861336536316666633431326264306161336630303139313535666166616132376264
65323764666332643662653136383036383661653036386162343933396432313963323033363165
32646665376261343636636639383936646231303134386666366131313430656433303838653163
31306362303864646539326535616664386532653838343133326363316638313062306531616334
33343239303639643336366462373333346536303032356164353866386663396238373434643864
30643330353433396339626332343433326233373537623961613230633466623464386232326565
31376533303536366338353935323633323766356432373966383365636631323636316532303933
64363833643566653964613766323138306432653838383636633936366330626438636661326530
63376531313161386462353133626165376333303035343362393032316166343565
