$ANSIBLE_VAULT;1.1;AES256
30343961656136393734396235383066653765323735646637343537386362653935313131396265
3938333539626461343533653639383438633866303931660a633566333939323130326237366539
30393861633233373334373366376461613331626133313366353465633666653630373134383864
3561666332653061650a356239333636326632313663326537346164363339636334613565353138
65313133336135656462323037316266353361616161323534303034643663653836323634373461
61666561626235373633393739363063656161613034376533306462663166653765383436393262
30613137363262636263303233623162643337626137333738636465363332376337663863396430
30323837613337613636613962353863633062666565343435323430306134333334393435366139
61366231316438376332366366393166633665363465346565306132333031316265316438616461
31363662623161373335363761626562376632313464636135343535356566663037366562306135
32666264366564376662323632373237613061636531613563633130356661663833306230646261
33653664363862383936663336306537626433333966646631636261323032646537323261653837
63613534653037363962313731373566316338666464303161623265323437393036643664303032
38376535643761383432653834353634663735366630656362323162386665316464636166316638
33346364303362656439343537643739393062303038666563633931323362623963613336613039
34616634353230366438316562666136393831306362386461613566303464653033383264656532
32656265303838646534396432316564306461666230383862323138323664613136333531346531
31396433303534363034646638653636313836633566616563633936643963313964343965613365
34623139353661396633663339393739363536633062643364333435373731643033393965663362
63353830626161613565393965316666303739343331373834643766373832343432393036383937
38363861666332353936383735616238663561626630393136343332643730626439623130396135
37636163303566653866363537356334353632633333326239343663373164346638653735636537
34303863306237343865313530366239393436353363353265613662316535333333613566303965
65393730636438666663353539383562313734643263633839393639356535333163356330633833
65303634386630633362383462386563623163373535326161363065393135616234393837373734
66636131646435646439653964303838383837393230353961383262653434363632666434333633
30666662313934313332663836316335373233313563636365323134656430303161303630306630
64313231643164643666373363633266383264633332646235346435303432383665646263623463
39313232306466323832366136626164396531663662626235356361333330336435623833613238
31643434663434333961396334306234626335343266356235326231326462623035376163303062
65373637303838383663316230663132653536656261643936633061343638633737316431373264
39393161373763363938623633373436616136366338643732376432363936623563313730396664
61633538623833313030666165353936653933326561636161366166363137353665636532306265
36326539376633393833306263313631356665346364303439353236306339386135333530633166
30363664316665623963383161336433653436343166363364343132356235346434356432346661
35396536303163393039333339643138326266633139306265336639343237336437646330386635
61396531653563353434366530663834663938613964316564613533633039626134393565663739
62303436316433303834643238333138353834303061363035316439373266383164633663356231
39383038613262396336363961613035656461336431636138346461373435303231303431313965
38353934393864613834323963343237376131663166363735653766323035383864353033303535
37306234396431313133353136303564343763623832616262616465646531656165323065333333
3866323139343363353638346565363935373137306232616537
