$ANSIBLE_VAULT;1.1;AES256
33303538386333386562303465646465383464333465383532376532646161383937623638613834
6130373465333733653536666635323834383237613737310a333633653763393961356634393236
30316535323866316563376164326430343366396466343563366362393563336531376433643664
3561363861633662300a653433646435353538636538653136366130333833323538373133303561
35343562626435313233356339646334303731616238333061313561386564373061623333636165
37313063323435663462663732636637623731366234393030396662383131313164376366393065
32363836323838303632303337386135376534326438363663373637373336623765636632363234
31383833633265363033616562613837656330623663363938373461656262376261656634343333
34663666323139363433306335323636373539633533386362363539396264373639373662383964
39336432386564626266383134343162363531663164356365373431343062363735623530633466
64333038386133353664636630306531313261306461613765633839323537653930363837313434
33653831613632613565353761633361666539643130653966336564333631393264643262356438
63326565613062353861323736373862653561386539326138313436383964363439653066386430
39343566663763356462336165613331373635336261323231613931633464353566373638656635
62643262633836623734383536386433623130356130663937343036373463626235323066313063
39376465353862383664386635616532323237663336316339636362656535376438653264376232
62636664613432633366636133333766613266326239346337313263656433336334653932663066
39376437633161653862366537656235613233343565326636376634633330356531626565336462
34336531316334323334613665653661643264636238313862313234666338313035656430333966
66336632313939633032323264303833633164643736666331383164636666313231373435336239
36303538316431636261626532626661343730366363306364663066346561613166336532653063
32363061336330623038653234353138323931353764653866643838363733633064336331343138
63383731323436373134613033353763376265613636356338643831613335353162666463323734
61333137383135613266386339393464356539366636303065613237323539386363386336643765
34343036316630623366313233316338393234366665636436366634343561326433316131366639
31653365373332393539633962663036326264383938383334626666373436656436353966653862
38303432303261623832343332393534313062393935386432313731373230623964386439643636
33373765343531336637396532316664656365656630373938363366383761313936643162353061
65353162363235626465323634666530383232666431353935663963666662356565656165333464
66393834376463303234313533393032376165353436353534626564633065633863653061323632
35353937383737353534366261663961306234613738346338363137386336326264323637316336
34666634366663353431613239323764333966303736323263333431316233363739663563386263
38323338623765356436363938653339623766313562383334316363626362663030653437336665
31633939316362306464343639343838666639326339623030626635643261663833393866633164
62636231363230663937386266346263613535623831323334353534643963326264643438386230
66396336613034336565386135316139323633303030353863383061656436653564306437393464
33383264626534653233313430343138653963323339353037383639373963323936393437366161
36323965353465326163376239383066393766616437633632343932636565313037353238393539
63616565633163303331656139633334373133646437323135303461353734326364353737663662
63333337653863643537376463646262373230623138336464353562623037333161356262643163
37323066613938323865633431303664643762343339336431343832623538343334373936663564
3261333262663037313939663363623366366337346238653034
