$ANSIBLE_VAULT;1.1;AES256
31626561373466383236376465636339306336353665333331353662633863396130623830633238
3261393861303737636235363062643537313439623538330a303534306536633739636465343261
32613531666530363036363234653164373439323536613261656266663237386566626131323261
3465633836346466630a633136353439393536333237613730313639303164323431326464366631
31313132653531643163633066336631666665616662343765323831653237303266383766396330
33616562343162303838353038396431383537643231326438366530376530393734333138396164
36636332313536343732626262343633663036636363363961623636303432656632383762613663
34383630633332353236636363306662393531353063366531303031323666373437343866623139
38393737616536303438613764613832616230353533303436353439653834306338333661353434
32636439313539613038626463633136373366303739306464626666326135646530383136616136
62393436386335373134643238653938643333323233306435633138306563326336363365376364
37626233396333386233623565396630386238383036326436316265383366356563393662626363
64326432656439323732323666646163353763663538623234653832663238393536386363363831
63336433396562633132643838653037636334633732386664383464383131383937666535663463
61613031376237653465366332333133336232623961323266643036356435323132633936366634
32373434633263313362393436616365376133336434313231643764623462663034386435346135
31653134633139333532626531656137333735643134393238666138653161336663646237316234
62353736363365343564343932393331373331333435663462313032343661396135616337303762
62326136333034303162353538613266656437366434663365313530646233653130656634363064
61316136306236373364636633663638656434386365393132323738623037323132653964326538
61616232656266343831373632363434346135643238393939373137313934373366313265316636
64336233373662333339393865336235396339633130653332363066363833653334613266636530
36323734373663363663643735623463343231633138346466623938336264366562343735646533
65333638373434623636396631323239376563643539396565393633336430653835656663373037
39393239343539346438363937383930356664346431633233306661613133356366613636363662
31663230626537376131353562383165616636656537653431353066343566383332653264383837
34643863623132383066633962396166616564636434663330663938653939643230613231306164
34353436666239306231653535313664373766633466303564366236663034316431303965633763
39383530666337366465353462313761313833666461356361373433613038336634613132373739
31663334323336663635363431303263653664303737346566663131643032326336303566386633
64386130323631376231343361373633323237343761353539616362323461303839656237646531
63323032303239383130313361366534643165663138343763306638323565366230666137336462
63623435373039333765333237346633313732303233303935373031363234623633346663313734
33383938313033323936326130633633653836613337636630356366636236653033666230643434
63623734613961393065653666376165346166653265343131646338343535643161313132326238
66626261663462313764316535663137356636616430666561666261393032303333666230343133
34333439633836303964636634393332613562656564653337643262343635386335623663623033
61616232393434336663333137333832303634353062613538666131353534623735386563623330
65393733663930613238383430326631353461633866306464613531343538373331663262333665
37363233666539653830306234366364643864643236326566663063316365626132656562313639
30366665393063633131316431663032366135623037613466643139303939343235
