$ANSIBLE_VAULT;1.1;AES256
35323663353766306231366136663035646163316330303166663065663837366563646364366466
3431313933373939393531326638633830663861383635340a373264333263383762646130363831
39303233396634313166346162356138383630336237333361616439303537346433656363643239
3337366566643937370a386362336539393635636433396333646130613439663631343731666465
62626633653037326336663833306539366461363438643663303233336437383839373332383532
35373335363135336265323362646162643731663033333362393339623136646362356263366565
37646265346533373262336634326635343836306563366565653334386437316366396132316163
62366330393361626232636464356566626430613064346338383932373061626665383938353062
34373438376432656335353561656631373832653731363162373433316462383439663265643834
30343463396536323630653236353639356332346563376263316534323161333637626631656462
32323531613536663132386363643030623838323161663763666332373062616537313837356466
65613865626135643836343235326435356137323065316434663664373264303162623237643034
32386166663232353861353130326637313464346161356636616266376532393236336537666331
32646632383364333762663061633230353562656636376265373137396537393766323264373835
33353861333362363666363337663431323533646662626533643938393539353036643666626164
30646631663833373833666538336333363832666237626662353364366361346531373230376533
31313964313635366437656637373531353339363132393663663365316464373336353964643364
63373738666263313832356264333134313563303031313832326239393833363834333266376134
32656663656165353432303164343731353732306263306432626466326339306238386664663231
63643965303664626466306165363665353661626430366165393764633531326131333733376266
37656438356531666138643235663435666135633133366638373337313332396265646537393939
65363765613534343863653433323336346236303638303533373064656564396236353835376562
32613139653264333230353038643534326262343463633463393930626264373936623233626464
32623533323136366130396462313965366130303631386166356538623339343836636433323233
65353832393734363133373266363461643739306132316530386137396664386536343434356533
35653433663830373330396331333634326366336430656437393262643132656332306335386165
64666363306430363238343237623734666362656362306663396233393662633336646166633038
66323739303463633563303733663963626362636532363438356530646439366532643864666437
64346438663337303933333939323738663861303438333763373562313263666164656535366266
37623031386464636230396530623433343139656236656330313039656139366262303735383238
64396666336161356662373363343734363139326266656565613766373365646164313934373261
31346431313233353431653564643130366439366265366231616265663365643934313439303566
39663831616431303666326163383133303465366536613031653631636365643634346237333762
65333661633666316531393839363665666136376433616338353934633962326439633036363033
66303366356465623437666139623261633233306635643862346463666635656333333838323832
38346537333763656563366461303663613133393935633064373765303135396235356364646663
38333735656530646534346163383766653335353936313465346536366133363263623364626539
34366133313665306563383731303635376563643339303634306263623461353366633635653635
61333565616562383233353665343464306166383061646564366661356437383037663164326562
62666563643564343463316334306164353336363830356565613863333835376365663965393038
34613532393862366335663636653163373065376465393764396162363363376362313336306437
3963616365306335373030303436303538373938636234373231
