$ANSIBLE_VAULT;1.1;AES256
64663835373862333464386434653039656466343163633636366430386636353535656364353662
6638356563646534356132316439316664363038383331630a386139353833653934316661666633
61336661366330326434326634383338643330303665353832623036653836323835656239636465
3434623135363964650a393432623932353835376130626238323933616133633564306634393337
37303236623366663364646330616261663134656664303931303566626138393832396531323230
31626562373034353134376462396236616132643230623536373163623364306639383738656133
36616238656136666639333831336532343438376637656530376339623264396463373464613565
62396136663366636663343030316236643365393763613131353466633064356337313935373633
30613964346365623137336266623631303963353962376465353131373735633266666432306661
38333162636665373132336664653364323664623130643466373333653033653566323538326530
33383162346633366562316562376130636231643833366334653035346463633833323831626162
66376565333130623661393037663464626533623961326262303166613032633738303334343465
63653132616166373963316465643462663833636233383738376533336533623361663135616335
31363962383534316433383961393338323066656661663063336431393762643631613731373139
36326265616263333166373464663961326632303931663937316433343633653864646464653332
39633364386562323132363139353037643834633365376666393738366461646361363761346463
32623065353335366137316663656231613664343533636535396664333131313832393938333136
35353164616434633165633335626166663262326166313536363962643531373763656166383065
33656635383661656364653739363362646335653539653336633334346130366366393337313464
38646164383062353730653931333733326536653163376532393136343533613565386266613037
61323665386435353139343836643737376639643530336265333736616332363361636238633038
37333934616465306533393964393735336266626534396561326234393061313862333339653030
61646265363634626661383435366536393738383064323366646338306436363738356430666638
61353834396334666539303535343030383139383532616236376261646137326339613364643763
34393336396636303437626530626431373538653430666538316161323138653133353861363531
66313664323261643038633738316136653039616363313439313763623364336162336230663963
61393735396537393162333332316534333035633034666237336632393764613035376231346161
61613938333262663630336639656239353430623561313365323938656666626339376533323962
65333762303266376164366562373032396134316531363264643934313365313863366433363434
36646262383936363237653063323832666466323666633730633235323631663361366164393465
33666331323061666465626432363133303963643566326461643531353764316438343433333033
36376332653035353331663662323730633934366662326637333732393432643131333739303361
30643138666666316662386532336363323836326639343131313664396536666664333636626139
37636362336364373961313665313334663738656363346665386561646335333034333431366532
36346465356461373335623435323265363266353765373931343863626431633465353463373039
33656661666335373335646639653339363966376530633064393239613431646265313938653666
65623663346635646635313062363166666464633063303466653564313738303432303061633032
64316363346632646631663939366436353565303664346630333038356365613036633434393335
65333266646630396336353130633332303462636336393537346332393965623438356162343562
31636165353234336438376537663835306262393961643861626330323739363165346264333063
39313432643863376537643336613639346231313739356565383361666364306665
