$ANSIBLE_VAULT;1.1;AES256
33376362633363353335623030303631313761353039376631343161616536646238373032396332
3864663238663235646132653762396338353864333035660a663434643732613732376664333139
39326437326637623636396261346438353362303832363935376561363434643830336266366631
3933303136333035660a633234386337613536656630626338323936653837373165643239333832
39363262303461623035663339383634353837623263306433656165343535346139633763363762
30393436636463626538313930613730383935643165333638363635343137353732643739333964
30346338373435393837666131616333353563323866326330363438656235353433313138626230
38646161383662303864336239363037316139623036623534626361656161313733333031653031
66346230343533353531333562343239353261333263633037373862303164383331386665326639
61633934326130623863636362373530373561316238303738303662363237633962363065656235
37653439616138626566306161383835653634353937646133343539326436353838616634333538
36323932643261653035306562326534656533313664653661633661303765376666616565353232
35366334353734313935373035333639343436316231323136633464303363376163633234353733
31383530363966643463363638323765383130636364646666373633363964636262653530353133
35333438643234666264386264363939323930626136336565336162376630323039653039333933
34656232383133383533333835663838336136333364633533333334383331653662306663613439
34333365383837336562333565333634336465633530366531313134663238306263373362636562
63373937316138323439633064323731363665383435343035366363653230633965346636653532
66633635643039303037346164316266363630386563323636386536353736363663626333366135
30383436616231306636646133366635343839343965393166313131613233363363353963643935
31666266336663396430626531363839346364383833613564323635333666306664656236646561
32356163303030366436376530363064303961653634366464656464306433366337343165363562
37366534386563313962346461373366653764616165323863353031623330386662623662306338
66666665646234646435303736316139343662623238616631646630323263653135353638633932
31376435633037376138613962393434316135616235646338623535343961663264393564636232
37313738343362613936353837386464663566303635383836326262376530383562303538356632
65393162373962326133306265653137326238323364623765343864653133613762633961346539
64623231633435663633386337633135626534313932653830666535383963333433356230363562
39306530393163623830653031353738323633343061396631653263356565393335323332636533
64653831373364396434383234636239376230343263333330643639626465303336313537376130
31376633653863383566613233336530363037613965326636353032303737613430333262386664
36376332623333333534636232663663343633626538373336353563376165393865656464373230
30343939303238316431663438313535613761306266643937346262653664323363353863663063
30646662336462653334303732306131623732363630636137353938393139633365316433336534
38636464663864633161343630663964663633656661643832663236353936663433616632346565
37323434626663336639653939376166333333613338363536653636393538613134623433336433
36396362386264623337333133623364393233653264346635343037303336313836353535316133
65336237646232656637336235383137306161623531666662353136316362633263613030613362
32656132363835356637346434643934353062303063323032346362636461613038633139313263
31653962303538333034346234663264646263386562393232383866393833663733333534633735
39613665306365636239383637396337396634643061636361376130313132376636
