$ANSIBLE_VAULT;1.1;AES256
38343865313833643536663963353734363732343134376466623465306463636264633864663636
6164633437363830386661343733623233643063653235350a313133393563376161353766393935
39383362373633353664366633376133646433373362363839383332336134626631333134616438
3964393461663532390a653931346162363731613537383434333532336538363863313735316632
65333938336230636561306439666266373730663262333931653530363931663538666437646465
61653537643937353531633831363631623730343635373235396233396533396337333237626139
62363732353162333730613263623539656337613536306632396336643939663563616232316135
30373239353532613335396238363532663635353235636634656262366463636131666364363538
37633764316237626532313530353736396530613234626437633832386239396164326538663533
64336663316135616533656632313833613634363163386533636533636166663562336638386337
62363138353531363431313365616539303637626636383063303664653139643632326565643264
62613935363735613134663266663836306532333030616231663039663637396634306335663433
66356231653334383939376265656633363030636666313733386666303265376666636630316338
61356165343333646631616166366564376566333237383630373564363833326562656666386661
62336666356138333833636234616136333835656437363230363935396465393530653638386634
61643539633838636663343366303763316338303665346264366436343765323733386363663633
61656237376337363232633539343664323666386431373034326632303864643631353165323038
38643135616430633736343030386130393865353932613462396633346639613736646339303833
37653930323837303363323463616361396437623832353137643963396539623265633666646533
39643262333762313431333236346533636231386336626234636239333234306333303931653164
65646439343438373561623962626464303836353461643239336563646136373734303633633561
35656363303233316235396362653465323531393934636635666263356562326236313161656431
36333038623362316663386532656235653635326536646632366136346664353130656538356262
66643935353130386239313362656332323230626665306230616239643238326137353732623462
35663039373664353533616139396539653236663731383063353135376463626162383730626430
37383934333930613633356566636139346363353835313735353836653062633964666231623633
33376135666334336361653863343236393730383232343461616234613932623336366164643237
66616362373330306430623764653963646632313539656362653766626135306162386331333633
31333262306239653464373634343064373639326531333037343837346563356630663461343865
32653363303333643266313463626366393065366630303331616566623061303034646332356639
65323035623432663662343866313464303162626339306163353931643665653537333662663562
62376561346133366539363063646633313161633532633530336632653933616638613766313166
33306563376635393234393634323939346465613837373035316637666262643866303264343031
37666561333534306162306130346663353133323565343562383030303235373462366533303765
61313265383462363934323731386265646161653866613566613430393166613137653930356534
38373963383837363162376639306536336638336638616662323066373461353764656561636135
37343562613633346263333337363663396136323233623931393837303161353834626134393131
35633433373131623264396434653461393938663966666331646663326132613562346331333735
31363233656636373130623537616439333838386139346532626562376433616363633064376462
62366563383733376666636132653233303236616661626666323536316532303131313964383237
36333665623131653032373334663461323036316238623365313766656530613939
