$ANSIBLE_VAULT;1.1;AES256
37376334363263303731663831636462343534313431366562626136313734636136343765616138
3862633731383161303737653638613864303832383333330a313831333530373533636231363437
38663563326638363930346165326637313533393263613035613964316637613233313139613934
3165313335306264320a386565356636636533666431396632316666663332613432616430383661
34373434353736343531323236653538316332613636383737396638643137623361623063313639
32636239343866333731383131333564643362613332353662356431613636623832396366343865
63396536663337646534353733356366363464656537653066643261383336653834353764646336
38373266636165393565336438336338363162376164613666646238383932343338313665356531
64613465663032383362623933636434653330663939383538313263363131326130663033356333
35376663373633656163643536663361616635303261663134656136376538386265656366663732
62666137643039346561323265643463326161613030303762356132373664643839656536393864
65303566646638613465373965336231613866333132393062633461613731373362306531366639
38663562383464653031313764373162326638376237656636633635353238373335633737313064
38376334303865393464666136653361616665623634303333636663396338613632326261376635
38323635356236346266373836363231393833313062323333316261343162653439653036366533
39633064623761326434626263363031646530663164353030396238376432653538376634626563
31313762643033303462666134316362313034616662666236376536633331616638643066303434
34303238656461323235663331313532663838353638366166323461303765316437643761316232
63616463666330303461386366343934633030363164656439663661353836656233366365303561
36633835313034616164383566613634313130303332633063396564333366663233653130666661
63396562616536366130656666613538653363656261633661656264353735393966303364313363
62373438346530616434616632613066313536386137383236306262643233336137356632613732
64313930353234383761383861366565373135653361346435393830623837333264356233656632
64353861666162383062343136376339663631366362353534636231316562616136343031313661
66663162313766323933653930623330316666623063636335313738373964626430363139343133
63336366633264393131346166383939666137396164623431393430366666376530303634633639
34336139363131363639366635383139363262333131616533383765633762626338646637343138
66343065663631646164663066393262376538653534356261636139373136366663653461316137
30623333353239623966656237326462346465323464376461616134633139653938336430613666
38306165393361653963656439303133346631663032396333303631376239386133353966366464
33643531616236326366343034333331323861633461333363353336323236303561343037323565
62393038666561316230303133306561346136336531623264383032616436373830373234383733
39343630656439386337383064363162336565366638626564336264656264343764643639653839
62323332313335346136616462636261386234383535333030656665383565633739306134343434
35343963366364343434323166386437396265623438626338363634373265313030643638616538
65313733336330663538343930386335306262663965346365626130653235386264306364353966
31616361376437613362313236386331366461643532323430393539333363643331383461653131
31353363353231306330363863306364616164633739653432643238373032326636663131373265
65333533366361316266613465333036353539313335313566383865336130613231656135653365
61326366366230333333363863646565633833316365643033313335633033613735393432646539
32643262643966316235653636613131656237633164393366363364643331666637646535353436
31323365613064653265316531366536306364643262356264363937663133333162326234363164
34663138663966333333626661316432633261663338646533653833356561633839376363616363
38393765666164333938653635333164396234333733643931616531376161666232623833656534
34663361306237323635346466363862393932633431316538346432653766636233343338363333
32313630646263333830393661346164626461663562313338663865373734663066343134633335
30383235313537613161383662363434396530323336653463393836336434663632303637343034
32313637393433613662636436333330613766363831643066386530363464336535636465313937
32656564346364346635383163666162373533616437363833663236353733346633616461633034
33613662623061663464336466353966373331636464633932363432323135633964326265383834
30326535393930643132336538393966643061663135653732613433633064656535356663343031
61343432636461616363373766306466393661633866656135663837626461643664616333326636
65643736343166333466373936626131643364623333313834336364346161353363346265373536
32653336366239356639313033303238313264323362326231316362643732376166303564613833
34613533333331333931663132623366383933323163363836663335363033636537363330636637
31623339323465643865396461643563356161643836623438653835333833366234333132636531
61363335393534383034326431646439396135633966313261313337373639383165313134393465
33663033356236663061366364626266353261303839633862326332313338386464663434393866
31663539656439623734393665323763636139633634333331643962303532666662343064313064
31393132346239306262323734613962363030333162303234373037653262366463303535313163
63333863613835666536356538323634666264313336636262626661663530613763656235626436
64316366303634666362646237316665363463383335353833653537393439363562656237303561
61323739313861356434326162353931323633393466663838386166343530353136653038663033
61323230323834353165363865356665373661393536653862663233393336393162376634623237
35633130383064636536346432616638613539313132393334633365313132353662613035323563
30346463656637363831616631353430666435393936343134316361316239323962313039356163
38636239353535356665656362363231363736316337623833393463373761616538386330666130
30383336643830633632623230643733306132316538623966366238336131383363353266333339
30643332333534373561663530633133663564613639326138343538636430333736623637623965
38656466666437346633383262343163366230633232323361356136393131386336623033636266
65656365303631313038303237396264326364303638613964336431326639303135396230336634
31386237346331326566366639666666646361663635323261393330353030666633653066653130
38356131333330336236316337643264383734373139346461653533626132386433356466636261
39363461656261643731616166623935303035336563313662323061626233336661316539363138
32653835616537313436633162316138653033636162363465376338663935623832663933326537
32663236626664613133616266333235323431383533346561656466643163323137616439663161
36373438346635316234353839633531383839393831353735653430316133393833353033383636
30306539383230396239633531353266353465366538653435616163386161326437643365363265
33653536313030373832636463353465636462376363356363323632343166626164343466626365
31643066343830666464643237383265383737656337323831323432653935626236663735316532
35663464613866643334303866393538653932343431356461303438353232333438363162313735
33333635306330663335366136386439633831383031663738363063336431323035373934333862
37353162623331393135393336643930346263653031653835666336396439306639633636356538
65653238633731333837653432663164653136346661373563313337623236646361663065353264
35653061343464396437623061323239363334623665373039613564333035393535356432343332
61613863363531363866656635326333623261323734633230313735633539303162313839313836
32393933333136373661623465373330666164393835363637316537636633373863643437363830
64383731316538373064326463636266303939353230366437643131656437643438653761386163
30613165316461386638643231623864343932613039396463626161333737326539613133383334
39623232373732363263373065663731333533316163323637383162373263346264326335363364
63626135616639303132646432333935353733383963383364323632616364653532386232666538
36323535336133636564373836623861393335376138636232353761353638353632653337646339
65633664626233343962333633613436373735303734383665626538393330643639326633653636
32383533613933616566356135313861383839396536373734303434616435646161643331333364
61613338653135363831366133333932366531663666393964623839323030613534303730363466
30346337666238656333653366373131363332396262346231636562383635396638313464333666
65313061633064316162663138376237646236636433336161646636303636383938323938333937
30316635326563646366656163353436656261653463633163646636363234633936313835326162
61396466663266366631343965383162636339653764366538303033323334363863313637356461
63373064313365646265663930346362333162303837323961613730646431616533383662303164
32383136356365373739303131353131633735623137643264306235316635383063336661353634
61643237376165626231643438383339316136343164613130383965613132323235653436613263
35383335663338346139626164663761616265343164666165646662346139316162633362333436
65623438306564313735376235363766633033336239653466656333363836343363613039373432
61613131346638386630643965336332303732333935363662643136653435616332393165303839
30343039636534636636396539363361353165313936353164303161313039616237363530333166
62646665613264656635653834303965643265333365313439663338326166633335393139636536
31663130306363656661363033343933646632613634323933373939316239333637323430363431
66366432393064646138353666326139383961313462623836653239303661393466363031656365
31656334393232623962643538653361343662356665303461663964313362646334303265313931
35383563376336633762643430666462386136386539666139336233643731656465346432643366
30643739643232663732356230633039393734633862366630386264363261653932656538613837
39346162393535613739666239393761326532663836623636336634663834346635623432393366
31363330353061316639633031343530646466353566323037663634393530326632333162313333
64663361316636663062336238613336623030336462653064323331333231626231636632323166
35616464356633663962636135306637373465306461666434366630326637666163643365336535
30663266616561666133636237346666376361613332636564666564633366303237643436333931
37353962386665656537653365653436653036633535356335393632316638663630626133626433
65643137343537323462393238653334303462316337643763386439393539363865666438323736
39373262366431383738386161383035386530646362303432656466613963626339393661633162
30363866333230623236623638646636303863663535343465653334616165363035626465323538
34666633323864636136653262663066633238653062323137333937353535363162643632383064
33346262623434656334316331623031653362333765323639353136386236633534653032386463
31613232376138346331393532333665343766656162366462613562336238363835343330613033
63343838383937303434363962333465653037373138633663353935313162333835323933636339
31653734633462313032356563303034616263323332363235343364616538393863633963313530
37393238336630376130333535393064363537646634363039616464643130666661646362633166
38623063623564396631373661666139663838643632623632636139393764363164396233336265
35663237326364353564333238633931336661643738646539303937623563653464373565616139
31313965376666613435343937373332326135653163326432326663653066643139653035316538
38333633346361353066646666366238383164613038343865373862326162623965323736363831
38386333663539653432306539386235666137323962363932393537323539623265616638623238
65316339326665303937653565306332653138646561313264646263323466313636326262363739
36656330636538303935313739656130316566623834303464623430656339323930623831613663
39323732303466373833613964656462636132396539303936613166643833383265366634356333
38356237616630643835636630306663346135366361333035396139303366346564623533376137
33646239613138376337636564383733623434336332336632663135393862656338386164643636
64663134313433383830376134633032616439323832636639323764663733303331333032623061
35353834313732386466376466353362346464356636366530373437636262303561306235323331
32666537353266373237333134616632636632396236373531343234333464356633333330356438
37313865313234343239363037393834666466316239303336393739353530316533663335373739
63363566313230343439383634653965626566613438376531386565333765393730333437653865
30643061393331396130626136396661376135643232333461646331636232303661663035613932
63396331646630396663643439633339333031323061386462356665373337646630303430313961
37663066656231643061643534353437363966396335386565633363363435333934393966313039
38643036323234356165363935323634353639336237663162643762346333323732333739616539
34663665323932613131613538646131303763343032613435393138303164336434366261306436
33343163633030366463633635393437653533373732363331383430666664356634386536623835
34326334663838326530303335343764633634326337363761313161616161336662353363353335
39343431373134353734303231373533383134393635346466376530623063373532306265653230
61303661313862303936313536643163626630313565653931613661633966386433616163643033
37366236653635336332376333396439663066613135333766376530343165663065666235306337
64643130616231366238373230323930396363663634396137343661613338333935383339363134
32663265393838333335623133373332613265346336366261376633316634663532343332356438
61653332663261626336373538366661343765393039633337653365633966323465353731333061
35636361323935663764653035653830626336353963336535356233623835663462316661353135
62383332656631646230356662623565326362323061363361643766353934326630663935333262
61396437653264346534323165333032653637336130323636346438616366383836393834616363
38343266343861613462643362663065343163633761643233373034393836623436306434376130
35343162623235633032323337343537643366386637666635336161303934313964656230343464
62336635373263313537343238333332353262396139333761356132393838643866376466393365
64616637623232393134373862333933353330313939663362316138633134643133313364656637
31613630383832336462376563323733393963313463313261613638633536663031396434353963
30616634363634656136333530313664386135653866363235346438613235313632626334316337
35383938383139353637343638616361616662653562376532353437663633623234653063643362
65323736663433393561653663373732343339353530656130623239396539313531343061383532
32376131326534616136396635336438376235633765373262353935343838616164626434313766
64303335336666623766666365316530313563626263613934336534623466343262643130613566
63616436653064353163386231646638323536653863313837336238336539303139623265623166
3839393039373966373234303965656466326534626439653333
