$ANSIBLE_VAULT;1.1;AES256
34663863623763346565316330323132393133333662643236643066313537303435316135353463
3365386165373564363837373931396335653238626138650a326231633661333866316461356232
30646465353733346334353731373263383462343430623135366366383431336666363037313664
6136323536643562370a353839353536323561633138303339306665616562353461616132616662
39653039613261343738373366356161376132663261393830393462653637613735383964343230
35323932383533353763623439643066353535343533643664323631346237643961303335366133
33623835663466303764623964333939346664653863653064333761373163363637373664353866
30666161363663613639333538316161366163386231623961333831626661613932326131306139
37386337633263323533366535356635323435666565346465393433323063303631346664356438
65316139366130366634303732353965373930393766616266336333653361323164326631633633
62303533656234303837363237333736343662636539653436323036333436643832613433613137
65666164396166313862636237623963376563363165313436383763343132366433326133656533
35333165366131636166366130346231393935306366356266656165366632396638333663633431
35616130663362626536366237326666323661353965386337343863636566666237666338323130
61653634303162646664313539656164313933323732346236316264643839613663663933653231
35313037613634316666303939303039653936633161623233313030383831633139343461336231
36643762663435653637303330393133323635623434346566346661366333383131316634376138
34633766663132363932333934626233626134333764343931333836646634643830653935623734
32643334366136613438643437373437363139623764336431616562323763363330613765643134
65633862383137373036633335373831313433303164633435366430616665393231663335353666
34383965346366633036356363346565346331396264326534393261383861313737613232633333
62383136366135623730326162323436303066613837373231323331636130663436376131626132
35316534303663343738313433353832663138613234343032353662376539633034613432613665
37616366386462346237613730613061326461313132333435646636356139643037363462313530
38306238323535386263616538323231373931373466373166396135623533323464393466633631
38373963393333396265633865303732623738393263613533396539393465306266313264396235
64353963383433316163336661346563343461653761656236333738383465343438356263376139
31636639383163346331653635653236633066393661326561613436633232636666613433346138
35383865336134643961626665646131326232373663353665373737613864623462653834366362
63373661666564656639616635353433383638316363303439326636393832663831346431323564
62633532633731326265663834666464343430366536656262323663353661373332653338643565
39316337333261373233333462333838343533643766636336356132383830323065633162333536
33303436333034306438346666363061363638373737313262613765623531303962633534626438
36663532373763376464663933363130373235376161623633643638656337663434353731613162
64643433653933663065376632623363353161653761333264383462366564666135333464366337
31333031363837653465646339613133333334343766316230353466613762663030353662643832
36633538313364353363346634323830373138663936366533396163316461623330373338613366
33323037383735393431323266623037306563653864326561366331633062383934663739303638
32353534306562613561326432623435353434663435333936306161663633313663383534323463
64636361336132316438336436613765393866653665303765326335653838393236646636353139
34366565333339663565363338306438366333393333633732376262666130646237323039336434
63393366343765643232653961336530363837393533326531353462646634356130316239366466
38366133636230326535386365306233663832383337653836396365663530653739333732613565
30646236396430333165373564323864303530653232356561373538373366343564383431656435
63623139633363366430623136366461383130356433323236346538323466666664633230653064
38653762656332653634633932363964363064346538616236333432393331613232623037643064
61646664633737356430386337353633356361393138663335636464626331633130366362303463
65636134373033626265336438393430356461616261663834656637373166653265623261353863
62663537356366396165313234616666626663623337363264353539643533376137623331656365
35373437616663373338396135386231626637383666346634656163326563636431363366313631
39316130366537356136356433626534666162643130366435396461316639373561653562386663
37326565313566386361626430313733333736353736666263353837313461646532396463616637
34623838313430633666623836303239333935356261646639336138303662386262646431343435
33313631636133303863333134333161636562333134653539613337616464653834636133616530
31396331626631333631326439323562636239373466633739616665376462386137373565383630
31353765356332643730393532373461313865663931323066313738616265316363653064313261
66373563623236626439653337656261643162343735303732353665666534376564656132646336
30373230306465313437343930353037363131356566633664353265353362376162336433356662
31393564613130306564313636636133633832313538626230383666613133393064313566653037
35613133333438393635643065363131663333303632623465616336386632383335626661366131
33613861313939656364326261616563646337646563623934336632653931316164623266663764
63303237326331663135313531633764393633386430323661356530656666386134633430333835
62346436643938643666643832383033303763303237613330326630303133616237326134343534
65383434303635313736303437663536386131646162313333636638373039613330333636326464
64383930363062303261336439306464393635623536346363636138663835333033633663666230
31373030363164663034653666396639333866643865643063633666666434373830363333663064
63373434306466613833363732376663653061333134663161316137366663383530623737376365
31613061616338383762656131396234353266396634376532366334616434373534633363323337
35323138373137623963363934393364333331653033633130353030623264346638356437363235
38636538316465396163323034393630306365613335326233383936393735373565343530633130
38376562636563396539643236636336373239656135653838393130353231333464386361646530
34336262356638393665343739323238323535366438303630353365386236333535636335393166
65353664383930626563613362663931383239383965616238363432373138636433613330333132
38303130623134366235376432353230646331303439653666303737633430353364653466336238
37346565393934656534616230393735653639643663323262616564393130656564323331356163
36376564393763326136383664303333336233333263313631393935613636343233633761383230
63633434643538343363336561663266613830303266663335356464366634633062303935363431
31616330303635363963323534346532393233346536616263326565663531663439613936623831
35616630653239353937623330616638323838633165373866383663633533656536643130373739
36353362386362323461326236376132306665383430373631336633303361326135356562323263
30393761666631343065373038646437383833383431306437333432383935663637313935373663
66323331356563363737396439663963646465306432636331303137623963663062393230393139
34326564363534313431663835353333366332663764343936353831333633653937356663326137
64636161373839653935363138303766366433346563343437623636336638633165633235623730
38386338666330373137313432643762323334326365343932656234646439313234656339643033
39653933653630363264376265373435396262303738303132313234326536343430326362366565
64323364393463353963396434353363643230323631343538643134633432363932366434663039
64646263643463626363383636396330626662366461643539333361343232653735613963306566
39353535386535633262343739373437306464303630653961663936333830633666643231313236
36306335356130666138613865346137633037373535626335333430666265613636333333616631
32633736626638636636653238346664366531646432663730376665613562343065343633393465
31323562323634633535653530623063373562656232363539633133656434333233646435663461
39353239316364333236373135363862386461633566636364653163356464636262333139653633
35306635383564303733376165333930306362306434393331633561393139623031656333313235
38336436653835356533333537343561316330353636623835393063373836366535343230613531
31653235323664386230636334343866373338323330333030373239396335323466393735323136
66353132653762343465316432363434636632623539656361653066613630323032623935306436
35633534393934633933613466663765633631616631356439666161626533386330396131396166
35353336353436396434326633613834656539376639356365373035616533353038316533613335
34313363643765613432653531633634616664323932633133623734393630383630376561336533
64343937366137343930626166356264646435326638613933393166653362633462303439313830
34303739633339313331383163306163623266333765663761376261373535623262386536613262
30346536313361663931643438653730663136366236336437393262323134643833386339633666
34333333376432396236383462623731346466626361343537346432653930326164633463393662
35646262633763313663373331653766653531613332316563356539376463373861333732326366
65313732346363653465616365643939303130613062616166656236313965386436613866383365
63323865363936666533336634393733353530643839383930363030316264353530333266656662
38326336386531393332643533316631666565643834303132383837656330316661396563646537
32363562356230633432353837383036346262613363626163643061363631356236653130633730
33313032336337326538313533656164363363313464333232613764656634373131626434373163
63306261396436303439623739336630323933376366373530336638373835313633376435386236
37643434393430376138306138343964356536366438663531316161363339316236366234616531
64623764343366663564636336323164616361353331383063363133303032346530323061383534
61323061616338623565303730613435363762383037653066663236313736633863633931396463
64653635626533393430333266306634666437356537663661333866373565636265343933653730
61303865616138623635303761666136623766353666396164666237313462366437336339653537
64376532326131396438656232376164653165353738663234343062353734383833346536333435
30346265666238393231316135626364306361343836656464323566646164363462633361303234
30636433356464623430326238643363623732663764663332383134386165353139386636333463
39663030653438666333363363353335333438383266663366336338383037666230373361316666
30346538373264356636376132356534396136636430666666316163313964326462336361666234
32373331316436386162333262323563623964653333333161663161653466326330636461343436
64343838356337333237623532306261353761383839663832353664396463326566306565316438
34653439336436353761626362663864653538353938323764373333316231666165393132373232
33303966616338626636303837306136326234646636623837656633316233653436613238373136
34363264333439333562613131626163633533643435633035353866336637316232353266383132
64313563333761643961363134633031653166613634386666656431643664333763363737653266
39646631316632636562613035316662373838643931343737616635656665633831636136656339
32346130303564663838656136643733306537633838623633376533643765636233663934373964
31633539326436346331343731346239353766633661306666366235363662613537633930373961
34666335376562653861333734363734636139663133306238383764306663653737633132326531
31653432313565666135383766613366663739373634346533636635386263646630346439326431
64613332346636613232656132333139396363653434326266353730353562656638306535343364
66643937303135666234376136363362636330306136636463353033323031383331633266616463
31626532373034666664656530616561383135363063366534643931323566633063623935643731
35323033363632646636366630613833666436323662656332636537306365313137323664666563
32333964373136633061376336653964326639346164396461616536323136303732323036656231
34306634376439646438386364666261393462656232376461316239343337393066366439373835
38303436343931396166303363613362663333613832323965396263306665343330323730353938
64306335653164386266376161643965346461616661386634613432376263386432623335663132
36313633636661383334366666366365303937343136346634303461323533373966393633306565
39663665623866313337313935626231356565383632333666313131626135613663306465313865
65336537346134303033306533616633316437613665343438376635623635393832366434336563
66353364396362333861383865636233326430656431393433633331616534633465613134396139
63313231626234346261626332623038323139356163353133336266333233363233343237383766
36373238666437666364366639343762386438616337613062653033376539323761613432646330
34333762363734636462323434303863303830636565633662323633623961656333343731353438
38306633303339343037373562663030613465663661323334363536353831383733353263373761
64346136343732633364663263353136353563633934383830303037323563323361316263366435
62353539363962373937353230623135306366636365313364633337373161306534653233343963
62363365356335663638393661333239626266356536643462323130333834616466313632646331
63386632663664653730653930386662303530623234623765323433666130353662653264626633
64383739373435346131343766633363663830626562653566326332613363633535343630616239
61393765336632633962656331656633353962306533653535333231643332383939613661373333
38626535663362366133663533376238353536393432306666623337616332376530373135346535
32633434663833633339326166663530346164373738363234346432633630613064323263643036
64646333616439656637373735663539333965326566306633366433633633346365303361393239
61363865383831366431343834613064313532346538663161323937373537636364626438313530
30313139326165666131336439393134313361313936656366333738623461646637353234626666
39393231396231376664396434326563386333323637613234623839646530376330646634636663
38336466366331636231636664366137393238653338313561323161306631346131353963666434
35366637373863313139353931633537303161663961383962623532386232643335316338393830
31633834353265643233343432323636356436303837343765646134323333306364616364353535
37356661313730663138393536366466646431323938333733626462386136323434663861323933
38336331373137346339353062343937316436353532363463316337336566636364323434356137
39656139323666396530383663336435663030353239623066666362336238333166663138343236
65396236366363366336613034643238333566646266616631366231316131363634313430363535
34373937323735393630383561363631363931653433343531616433316664346662353039393537
65393339346131663238623739653538663733333032386230383833363837643839636666666337
3161626465353339656530313863656265396262376537646336
