$ANSIBLE_VAULT;1.1;AES256
61333436356530333863323332356337373763333065393134343466633736323635303330353461
6537343962653861633464306632663961313564373736380a363832306630646631656431346231
62383064613232306433333232306461333535346163633939663066663932383665383161663639
3761623761396138350a336263663866383636666234356535376335663437316463383239356333
35386462306663316564343666643561616137363861636266653563393239646533633139323064
66343664303131316239323665663663646165343062323030303663646637633036643966306665
34623937393233333334356133353134643037623931363764383165383731336261376137633231
64353531613037373735653037666637396130633339633532393234386631373563326539363535
33313265323165303734356164343237336663343265333637346166303033376164386337666263
34343162336361653931303738653132383966323265343361633738386666333634343264323836
33326636643966326630346436623366313737353032326266376466616334366132323536613334
61656539626532613361386339313530346436343365643839383536356331373938336536313836
36663666626436373061323936356461333831623364616637643765656538666165636363386431
62323264643764333637343335636566356236383830303335623164353534373338313031386531
39623466366535383234653732633438356637306362333762306632313562363866323232383033
61393432366236343838323662363331303430616335623361663930333630663632666665366236
38623965333664313865363065343436376434666263616164313763643632643139316463623234
35616232663362653231393835346239616461643338336136393238313962333333383138656264
64373132623764323336326333346136376136313465626163303866346434663561633836313438
30396633353033373462353063393932383065626130663166333437613664646661336465373766
39373463353334386261656331383932323238373266353635336636383664336336363939616235
62623832303132346334363766343263326233613239343238626662323537373662623664613830
32336231633563633233616239633766356630303636376639663634646431656233356630366235
38333438333766633937306338333137613032656135323231393338663031633039346634653233
66366432323138633636613331646435343965636630663531386361366337646661353865613038
64313437373833326530313638356139653335636462356232313462653864303531633961633561
39383663313163646139663165393930633537663663626536623935386331356332396430373866
32376665313232396332623136656464633264616333366533383539396635636135643831343263
61613362643765663566326637383661363438636138366564663039346262633536636666633261
31633562653833623538323863653865646534653963643562303337393564383339363731613539
63363930356466376534623838623337373438346436343763373463616337386261616338326565
66383532313738376163323461333034393335326235393132306164633030363337623435353064
34633039346137326334383565316165383066366165316333373166643938393035613537626134
31653938326563373237303164336162313836636364373331613462316163313239326137306436
64626531383134653739313966386362336334643064373766343066356430656561346464623363
39343765303933393762623534363939383332376236353333623234323531333462666435633966
65623836613130626362343733633437353530376262666133376561623137656261643139633531
39353364643730656530303736313938643334613330336633636566656266336234646463633966
33323162306664663930373139613961393936663234643332333634323736613231343031356139
36646332396561613335363761613762376536383661303832613439386661383162363638323938
31393238666165626631336138656161376131623466653965626339616566376461383438326166
36356630383966646664353535393732306333333261626335326439343462366530663563353566
37356639363330393838646438626134323739383933333133613937666365313337383761373538
36383435366334343833323863633662633861376632643532303464666335343833363035653232
31316433636338386636303330343330343838316465303730663066353536633034363663613139
61323930633132666635326631626261633733336665353634633034363366346333653461666539
39376130366334656463626565326536343737326234336365396635383038613263316463636238
32356132336564383233353063353564333732346262623665376431303565393735663062303130
36613031323335663838306334343362303233363662353463616337666134333431336635376335
65633337623230353535383338636439643339613633343830393064623139353964383835326165
36313734396139333839323832353532313061363862663839353130363835393834346133656235
66353435393862313036666231633863653062653462666132656134353231343437656231363463
31326635613631366561383536313934623338383666656666633962313161396365633561646131
39623938376538346335383033643961373831333439363365633833633137613261623231623563
37663034376232626134306261323136363430623464303832633739386263353839326662653631
36336537313237663265613137353637633536343162663933306537326630336533666130666262
30323663356134656539323734626561303665663262353630313037366333643663656463333432
36333233316664393434653665326531643563373264633431383636383430663134613863373964
31636532383538396539353936613235663339646338313864323338643032323665373562326639
64343634313336353434356662663833643532646533366632373238376537353837373734393930
33326231646530366161633336616439653036303365623736623266353230333430336633323236
39306231346434303462343630396236363662643936396362656230323862326531666361363563
35343033353264333037663033323735623336373238353332376133386533323337383238336533
37626535613139376433646537653536616661346238373735373237353439336435663632653031
32386138393230653832643638656635666663633566666332363863646336316463306437663339
32343037333531386563653465356534623635613330313531363439663939363632313730613937
66356133396530643534623136333631613535333836303231666131663863376462333739343261
38316662623734623061306463383565646233333539363063396534383235646662373732346163
38323431663833616664653934656266643563633739333534393037306361653034623330636233
62343565643536326365656633653465623738303837653433356337343330373361353263376133
39396461363733626536333331643935656234616564353235393364343037356439633561346233
61656334383365313233393132343035353438356536363566333133326333303932653831613331
33663361303764633461613632373866613432363039346335336238343761313231386433383239
62373437376634336134373464636461613236616461323737356464333566663130343333633330
32633331333064393835626534616264653838363630613161303938636337353532666263373538
61633433376436626331313565353932343930653333303730666336613234643236306533386138
64376666313531393832643435666662646636323536646438636266393339643037326531363664
65383764666231643964613433623733323861336333386561316237303261623066316262343132
65643730393139656161356339346638626331336436626466626366653233643262666637626265
37373964643832663861323162656531353935343534636635633232396136643538343431343839
38613364336663653761303839363335333765653931646137643961653735386661376531653231
39633563306233303032376137366135303961393637666263336539333163373365646133363635
35653130666232653063633437393039313863306533323030623662663534313236643665393332
61616361376134623466336338333661343431626164303862346464373961616461303534653831
39626136393835616165316231326530393563393335613034646162663735323734623363363437
35333835336263623661616165386363373632643833316264313637626233363036646439636363
33623133346363333939363636666363636638343437623535653437303161353933663933393235
61356233663664376539303834633233653032336330376463663366313333393335643864613563
31313561323036363438396635333237373030383636653365386664363836366462373834636339
66616339373333366532306331623662643361386665623934633964323733623464353664613331
61623265666362323438373731623564653730306139313330666562636465346261613232393336
30323063666564303036613930623737373034613137303238626664386562636661643832633037
31393465383465356164663965316134646433353463373764623263356533663439316661393663
31656465323361643333656463343132396462666436373061393037633430636632316131333865
31666537633133636536353361633764653964373166323232326538353166313462636632643137
35373339353461633035323736613332383361656631623733623736356666343565326136373135
63383633633635663965303061323166333439616439333030363465386439306531323534353933
65653835333263366230313364383934653632633332613063613539323935663238396433376561
31656436346662343434623961633966353561663031336166653432656132653230313231653861
66333936663562323433626334346230336662343034663061633465383834393233363036643963
30626361616266626637323433313863386261333262633133366234643630343761633063316335
30626664333062616339313336383037373035386533343132376664353530616436336136643935
35663166633362353763323063323330633162323035633064613531333965643236326134376238
30323066373935653932343038373065653832653435313530323865303035613137393434616265
39326333613266656237656138643535346237626133386433343461353432343739626166373966
36303138373236383864313762303830363833383166666133653265323136363739613130353438
31616432623731623564653461643530663935393832363463626633303964366466633132343733
61626338373834396639386331313062636664663238626132373633316630333237353634396263
33616263343133623635363439336231303333366134623632363861396661346565333034646333
36626465393261636632333864653339623535653030333063663861636432306238323637653730
66356432653230613865333838616366613065363230396265656434623966323837666362313831
34646233316134616266383362633463386531356336386630626230653334663238623065346634
62376333663666653430326535313463303733613933643735316137346565386130373731356635
34663735383335363461356463316438626632383839633438383662383837643430316536396330
66303537646335623936323333316434323133353963616531366663636365363734386432623234
66313432653338653237393436333062333862313238623765646433363462613835333832653839
34326239653234656361306137633433363930316636656366633765336664303263316663623166
63653631613933643730613266623731333635643531623264396264346233353736313533333632
31666263363062366163303762363962393039393034633235383331386163613331306330303564
61323838353866343636633630393765336639386530653538336665393261326266616230343437
37323463613665393364323439396431306630616139666435376531613561633938356334353035
66633931343533393439643035333332383534633562363664626530643031663861366262333665
31386235323539303231363535336435333166663639373764636462346333623037303861616433
33623238653739386364373862333831313031633266343436373734626430653762313430326163
32376432313134363161386430623538653365646539616132346639643636626639323764366636
65376565393332306262306465353935633434333136626330343861393537623837373565313164
63636631366366313632386536643766333362393837363735623561623436316532663337363161
65613363633932623265313863363661653638633937663136316338353430616434356361333133
33326334346665636365373362613030623335653530646632306639323839303637316431616562
39366630626237376532396230653435383437393464306265376535303464643366336663386166
66393834333338663537306339663436626132393735653238306430653636383865666135613764
38383763653530653666306436373539383937646364316239613739316632613139346662666666
63363761316231323436653535303239333361333730313239343461666337323239633531313932
39646366663732666435303338626364313563653639346636303039356432326662666166636638
32303439343864356531633537313263393030653334353838373965306462396138613330396235
31643330646238353232623966366161613562633266356631343634633331616433623630313732
63336264326534343335613364343935613161616164633438633764353962653734316534336561
37623030386366306464373966333031666636326438366438333031333930663331383136356465
31326436363537333433386163623864313033653062613936373563303163353430636333356434
34386638363732323662363961326263356332383233303565653162346435636465326533313764
62646265656338336135333139326262383263623164386665306431343566353033356333633961
32393465383638636166626262353236633335346163333130303161666430626363303532346231
37313530666331343564656465343636646331316436326463343862343062663330306161336637
65653334346662393666396664313430346336313633663434626138633861633961613936346562
36326131623566626632323963383733616566393734396561366663306366363937343762656134
31656133653162666339303136636365663639313937613932623664663737623733303033666636
35353665333131313436666230376232313464623565333238313231376161663564343936636537
39323633663431643830663233636435643462643961376466363836353465383566393338333733
62346263353137313862623738666164316464623132363539366130326232376464656439336466
33366438343233643538313763383236316634356566396531633139333339363863633862623734
32646362383633343261343739326461343932363966636538346161343732356431343033306437
61393763613136393566343964386238376131333933656238353232373163666236616434366463
62373639306561386639363665363835636139333364653538623330633564373862393639376232
37363662626164343331333332376363663564653332653238653164396563383538633930336231
62656237386638383237313731323865366335636436333166356265396436356130636237373838
63313538623134653064623464633263653038373636623437326661343932623563613839386239
33366436643164373565396437643130326237376334613533353039643764623632383033333664
31363939623137333337353862313734623734633933313436353961336566393236316665363138
37353337306534393130646136626562323534393462633566363736626132663161653334346161
63333765343931626530656336666134393665663737663632313138376662396539393538623063
37336435376238303630366364316261336164333731303231643761663135306233363931383666
32666530326662623037656365326339323734653566356638636264633037386431303866643463
35313138653966636134643536616336623033343837616136303030636632616363383963383562
62363066653364636232363864306262313136613638326634313231316361653332613964376363
61393965633166623139343430326239663465353363396162643363643639393332366366303732
35333939643136353862316333636634326662613237353939356562323439343963336638373031
34613435396539626265323239656135346133313334303537333161363339373735306166343636
36393139373665653739656432383132313236303438353732623464666635323630626338646434
38623063643235613531623731303930363538643565353734393138313139356334376136333536
3362663432313064393738313433373233323066333835643438
