$ANSIBLE_VAULT;1.1;AES256
63356666396333383939306132386537346164616134383336326363396431623162643162643562
3063383964386265656461323434303436636536623862320a316334313830646634326563383362
39626632383063383061346363346364346166623537636338666233323335383961316636626333
3731373539376138630a373732663366643463663261353362393631393534646566643736353033
37653431383364393538306461363164633931636264336137336365326539623539326339633032
30386435613061613930386533633233623766313035333763346331656230353732323932333930
35616230643166353938396334326666346432386235356338383538626439356362313263616337
66383361313832323338336631616333663839343336666539336430663735376336363037353338
35356266353661303131336135386261656134376235343661386637363730376433333630623266
35653836626364386264313536326661633137356631343465613039363232346364643835383037
39373138663935366437363038646230363066613337306430626337383863663365653234393537
37393564393037303534653730343861373431316534363437613435313734623839386263346430
30363235336336353139653736646438376162376563373733303132633165343338396364666133
32623534643832373939633865353538313061666661653137326633393932363561653064636265
66633233363230653834323162396263643638646135616231366232376338343834646663313262
66626535653631393765623237666263316566363264666665393238623337383865333761363131
36383366643639626164663236333637346432633433343432393532323731353761393532303264
33653661393963623336303937306635323662623461323438623133636334346335626661653139
37393531383865636261626630353935336365356231323164316133303065646565353465623430
65613939343232626366656336303065383932653333666165393035386339666264373065386336
63626339643766646532623538623535633338336463613065313235613461633364343133636432
33346136353033313437313437623465323762643637663332313032623862633939323230626461
39356238393034316434643662393762393632343633343563336337623261653464653536616435
39386536313131396431643731323435666635373266643835386439663531653236303365613835
63313233356231393562656636626261366436636264396530326364333339616235333234353936
64353736616163313233343961633330353131353064343637316439646633623335323838653236
36613430643438646666616136333461623031303035353637333139646263356239363331303637
62366337623339643561613161343064356138623437333036393230326561653933376139376466
38356466623937383235333163343666613432323366343933373937333434653463383162353636
36353133316464323631353865633437343962656634356162346530643963353863393331616563
65643562356536623165656365656639626232346161653165323734623465663332616265333831
39313963633064363862363664656565623332363837326666393163386163643963373765616639
39323362353362383634323830303063353565333065623333303061386366613261663966303566
35343561643335313865316466646662366439643937343366643435326239616538363435663238
38613535653030633262623037663936353836336465383436383830633035316337343431663133
38666337316339663266613534666136343662316562363364393339396465373635613064636465
39643862643836303562616439333434613334353934653065616166363630346336653534366263
62316235343837376263333037373639346134656532653130383137386137663736306664646239
36613839346230356137356164623337346139613035633030633664383666346136653638373964
62643965393363626562636263306231393439383533383339303930366465613539383038396532
38666236363761643565363830303730633839363261386563346637633362316534643164323637
30656537643933666463386434323161303938336539643737646464613233313330653733393136
66643337333662346537643864306334616639363733343537383339306263616265656130623139
35316532393234623637363830373161373838383463663765653135636234333464663433616238
39383231373235633962333131343334653263343038633435333138643136626261303335326164
37343764353665323462313231363633626265613639366661326632326332316663656134353865
61306138633363316534643662666466356566626361353437366634396130363363343539333561
66666234336130383739313931643033643237376464626130303431366132653734383531613937
39386265396332353365666162376263353236316538336662656234356436643835626361656131
35613261366661383437363933336266376239333531656237663331316338343936373239333937
66343238383161336133323838663732626564306462386663613662633465643731333037383362
35393463346630666135666433653437663338373166383331373038366562613237633030633734
30313038366362313664353561356138313232353565323831326361616433393964323664303131
30303062393339366365666136643635393964623234626238396138613763336663313135623965
31336330336338343231663531313637366136373531373732316166373035373238313032303464
66383437316538336333363938323163363131303335346463326138303536633236366436626136
39353238333737343038336463633830316134383739313161643165383235653234363332393563
36373762303761316634373639656132653631373734646163366531396331306564383261613339
31323335336230343334316634646362333535663562383630633833316336323130366335373061
30623530656433393134393761666139663932323338313034343938393765326634323232336465
39303464303763666538363539333465636436616334616134306166346663366363376533366530
66303338663265323262383365616261303438313838343239643538653031316261616630623962
35363164346536613537323864663664346134353462363239383235623333643636646139666538
38623633666636316138656231323139393132366564363135343539303261356163313064663236
62353036383232353732336537346366343461656238363739643266383338373961396230386234
31393430323461373132333532616165633732636264366264393065633262333139366535393532
32646438363031323061626566303433356365303363323565636330333265643936383637363062
64363139356265633135386666653433346639326138613036613836396261353664346365633037
30313362653831636265343935336666346166383466336466653837616438353833396639316632
30663432376131316564343834643766396233663766323937323864653339393531386639386539
63636166376563346130613565363535323335333234633061356230366430633265383536663736
65353739656636643239346536303439383932326134386366356432396137343838643762303461
35633138623638666134363537626239643533653830626334643062346236623235653633353335
65616535383835363031623534636237316236303034363161643765326661343532393465386531
62373538376461356532353735633037633162326362316463643961336331353337353863336164
61363734303032633131353831333164343537393637316639366132343436346437383561323831
37643330316261633165346462356133663139326432373134313166353463343565663836306339
33396534356334396434656461666565663337663238373430386366653961616638386630616465
62373932643432386266356364616364613865393035613263366337623036613730643163353162
62383962626638316566306239393437366666306165373561663632353134623963316566313362
34323231623164376235656332613335613561396663343934363735303266653261363831376235
61333863366331306435616233353936643763613162346130613232383136343262393966636636
34646337643238663566623363613765353361386462366639343763633363346366326432383366
39346532303664393763616363336433636634303634633164373533343564333133363863643037
37643133626432643263626230306137373034633866626336373938393538363765326663316262
33343730353165383538343864366130356466353636363230613733336264666363326262666465
31313263396338366366326338643462623933363565386639333832376362396430313338643261
38373031623035623864363439373435346231363131666463336563386436303731343862356636
33363630303230633166336131363235633830353264313063636462636639653566396638646265
66663531356265663936636532626130383562636534333236386461303034646639613539386130
38633263643764383538303837373533643031613662653133343330343736653931653664353966
35376363626662633231666662613032396332653039326139356534666466363764366364353737
37623034656136373666333062613239333164373339643837323035343830356137643535636162
36326563643634626339393637633731356364326635623537396461616335336431373430313864
38363833613164643639663564633632303263343366396162633264653634323162313139623130
34356161396130646466303637393566336537636433656233386532356332323538333232626437
64643937653933313737363330326433363937623733373237626534613331353061323034353864
65636431333933313638366535383633326363643564306638373831326562373739303935616461
66643530626335383165333134303933656166643166386663623564643762323265633766393466
63336661323732613461376337653764303332623934643964373234333764383633643962386463
30663764303339383633343235303534623937393232613231383238666531616565323730383736
30363135636461373237663261363134666631363830636335613332326263643363376330623161
33316437663061636632313063303465653961623863623837356436646132656532383265616634
65316631636230643335386636653631353461653431356164653833626238633736373662636335
31646438316664623838643765343830356536323465323864343338656665366166303030373737
37363732383561393866613036376466656635313839326535663366386464643166353064613139
35626136653363623032646235626636376536663635646131316539663130323736366365313963
64613733306136663339373861643034643364343330613232393362386339323464353037643063
39303938623231386533343538633630373637663264333833626162346261323932336365616265
66343334363535373234636635326334656239386666353736373639363635323733316533376536
39616563636538363735316436336564396333306663363634373337616563666338366136323663
65366461383039613435356339643533396664383732343964343738616564306437366162663730
65623738336362303361373731646434363365346434313563306239623964303238666133393133
30383534623365343364616532363030363330626464373861323263396562646233333861336465
34343638363835666638643464316463396631613761343337306365303263616636356563656334
30376234326462626534636439373332663735346134626334623261343663336136613032636233
32626538656264643962386565633330633335313330306535623832653466636338633337613461
31313262303133366335616239383261656130353633366330336661373265326530393663623034
39613333613061636366303430383630616534326337653430626663373538353632323438313639
66393938373339613262613264313237356366313461303632346332383262626630363339613039
61356630333165643166613333306234356461303066386437383034653432636139643530663532
66653837633939316230613033643964613639663532643432613036303830656639346133636265
37333264303236383234656139323035313564303839316439613930366230323433343530393132
63313632663735663739626634616666306561343036336663383837316431306264643233376637
64626233303131356639383361373562356362363064363536653938613966343463616361386239
39353361323331643162316337633633393066323330653637626639303061613565346638346538
33356565336638333637313836383239623564613864643537623466306165366130313832393863
32343737353132623533323465333566613837356566383331316462396433663137613066616335
33363633376339343232623661386530356432393365376631636363323261343763393530656239
38343937666134363963383133616266346661366134616131363737383864313536376337343539
35376463636536386430316633346339346331393638636566303536366630623633363765313061
35356136303435386562353135303061663061616534336463303839633966633637613534313231
34393462376138643830333566626366373531646635663338633062336563656235656139353030
30633436663861356235343531353261396534656661383637643666343061646162616161346431
32653466373565323734623235396239653163386262366134376563336362616130386434323166
35313664316337636334643835336339336230316636323735306532623033616561376665323962
37363734303562323438336432613139393930633139326366656338313039653334653730363638
64396531363834656238383837616535383231626137346266323033383336393433316137633465
30396539326561663966393536623861646334323064363663313262333465616262663466626563
31656437373066373036303730336666396530373036336332653735643239633834623839633563
39616439326136333261613630363834373335663838386363303261376532613763313332323165
61326261326462353761393836663362613033633432653039316137383731653362333737646364
66363762323663376164393335303631363230313536313933646539343134353465613163336138
63316536393332346435613232663930363762393632613762663763323233383865376361383736
66353561316234663763363765633164343130356136373266333165306633316630383836626631
39356430643063373863343238363032303562373339326266346264363332613661363138313334
39333337643964613565326261386262343065303664353532303965323136616230613363653638
66356463366163386663383964346634383731383735393731313534383336626165386130333837
65313531656333393632363136666130653936366232303765626165623437313765353632313636
62356339343236366161653464636163326630626530613536303634386137313766313739363262
33316264343037623433356538643239386631626437303333653863613736646466393565646230
63353561333964323633323363663830343739316565383532663934393034376230646266646463
36383231646461323830356234623463633431643531313262353734343362656131353833346535
63313665346461346637323962353631346637643765613532656234663365363033356365316566
36313136666164333135623465643438336432636666616166613230353137393639663133396436
39366432663730326334343832633030613962653039326537333763326232613834346632623839
37626566623538633638333236323037393961646361633233636262636330666233663438306461
64323964356133653466383462643461663537363337646232636265373566333230613566616231
38663862363564636234333461646464323333386439653630633839363639353265616664343433
30356530383531653864633661363134346138306562643437666364343832616634633233353135
33316666323562643462373533663061326531663333383838313835303833306536373834353131
32613261363565663131346433383861376363363932383964396334353662646337363432656437
62303061663439363036363665663736316465303631346338633265303236363930373137613334
34306364386437313834303835326439326436303533343034373636326163393563383533393862
33376463346439366664393335316432353236613339383638336433316236376631343363343930
66326331323566313935383432653935323537316263303234666461666230623232306261653365
64346134613739636637343939653532656531366439376438633165353366336538336265343838
33613539353131393135356163383533636161633237313465646564343439306236326464376532
34363733613961306265656161663165343636313166383833663438616363373635323661663265
3034636437343933613832613661353433333763616265343862
