$ANSIBLE_VAULT;1.1;AES256
65316634663934373632376461636537343137643638343962613862333837666362313830373033
3937653661343861346263636635323830633832336666350a656131333531306239336436383438
38313566653064376335616130346562333438323536346462353433313438316261353931363234
3866636465313038340a313865623933656264343462323865666133326537343364653932663565
39353637633363396633396634633738366566613137663736363766316665396330623335393233
65306539663238306666613534323439316235313063646536323731656539393633356432626361
61636439646366316261366139646232623036633264613530316364386566653030613437653964
38626361626263323933366232633033666334633939613433306638656530633834346336376461
36633136313534653166303963616633646238393262663763653638383730303731353334376163
32623062316434653265353936653135306431366133386263643038333461656338313936346537
32333530303861646664316433326338356238353530613064383465333736316562663665646331
38663335326662316339346338636661323962633834386537646538383131663231666134393835
32376136623964643539646136613133326533643062343736623565336663666464373132623965
61323636353861326162316665636131626563613662313532623566343738633862333434656664
62326534353132616132366461316336633033623666303838376265363539316239646361326630
30653836633165313339363565346365303432613864616165336565306232343962323362323530
39666666613033373761373635313539633134313937313162666261363938306134633365663434
65336233356533353163643037316462333736306131353962303462373430386165636131383030
64373330363031366131326662323932636238376236366239653362313864636531613463623631
32393538666136363539633537346263353137633934636262383835303338356666646135306239
34376661356165366332633534346230343465626465343765396131633262313363343862343439
63386531366664633833373336613633353064343034373130333638306131396264333862333665
63336337333763393733363634323061313663343337366163636631353233303539333063316230
38653438663037646662306332616463393430373833316335653135356537326436396564636232
36343238313934376431343131333364616236303430333738613665376235646263623161323764
34313331643465306430643432393537353266636337303831663031396433363339306630623436
64303936333337396333663230653362616437373364373935623633343630336135616366336364
35643065653763346130613739336333333465633164623737396538643533636466643633376236
39383238313734663765656662313930373666336364353035393436396364303664336464636234
38653033383962313362313762356363383139383937333931383163393630313862303930636130
64353361396531343337663335653837313761393066616439633930363466666236636434626337
64363737666339353264393035643631383338376435353738613138303233333061666230313037
36653430313838313635613664323663313533666661383335643630356637643262396633656137
30366139353461633766613164376166383933636132653038313239383264346564616235383837
32636138613334376361383331313938333565643439346534376437383531376262356265386538
32633766653334656664333066643836343433373430616131366631616365386534653966303066
35373864626266343966366236616639346366636234336139383530626632353530336163353964
66616335373661393966353037366331316231363031373562663937383931316532636466616332
31383234626637373234396266643666386332373433353437643562653431613731313461323837
39613436383835323832303930353839343134646263346363316139366265306432313339373133
31633665393161376336313165393361353132383665643162663431646637663661633837636665
30373365666330343838323531356638333530393366396331653864663332623232343935656432
61633662353837663236353033663064306661313738313337363731313130393736343433653462
37653035633630663534363634376161383063653130303937386338656237303334376363386566
61346137643663316536633237396537663431383136663061613436373665326361646232313132
39616533613933613961396237623266376531373465633631316431623730336337396563633262
34323334316536303439323739393538383634653832353830666632373634356664653662313464
63366565316431373139616464636663356163643630323261663566313532366531613134616432
31383732613531383466386465353439666632333730343939383861326134663439383965643938
62643761623031363035313832626564303962383337383831623662643739316336353665663936
39636365393139656463353335386566346334326535356266366164383832383337623161353032
30653864303963373064353538373236386665346166666335366435373562373931326435376437
39363932316561326363363035646261383935666130616361376362616638353236653061333865
36643533646434653039626464353262313938623137343162623862336264356432316437666635
34373630323161306237326233373462316534363031396463343234356530323239396331363062
65653836636235626637363564326239633066636231636134373835316239303937626234653133
31343533323238613835613433646538346335396434306530613931363233363235393930653136
31396566636433333230663236633139653366323033363162393939386234656439613430653763
36616462646161316132643434613665356365353830383436616565346137303763303838313431
32373537643539353664323032623731326135393837353934336436303537303731613739326236
64623736393837646530326464633636376330303734653939656537376334306365343030393335
65353633643863326438663030363635666537303334623564643239616237356562373336326365
33653830656664353837323865313438313563373437613138363061626132326263616131613564
31623264373036316338343839306236313262363361323330373164323166386432373830336332
64363730363632356538346331326165653837353137343331313263346230366534306631313466
35633765653037363438656233363663363162643033336263323263353930356233363034356536
32363132626139633839373634626333326264313964623337633130326434656130626461613636
31643262303437393531306463623939623431336538336461313733633030303132366361653364
37306537303063313537373335636137393338343036386565343035313365363434303632363832
38356364343161383561666133323134613132313862366665633239333264393564396462633062
30616665636334346535376362666132633265366632303938653964393261323166393435353935
62336362626631366564643861386434363934376564333735323163396333313238386233396337
33383161306666363033623261653961373063643030396165313833393330316233343765383433
66366630396136623834666638353330633765616631373065656434363135323230633464636238
63396632383961333531376133343735313064653363333534376435643437643930626565396132
61303331386432366536616132383464373636383635656537623237353332653237373230393332
38663066623031393764656234376137623562316434626362623961646139326131306164366234
64383561383038633766316665333032363335343261373337663537386338613266653931336663
34663132653630336237393733326430616166616632303438356234653834633038653361623236
61396562336336303033303434386435333831386565663134613465663530613431346462643964
34346263333762313434323636626634353733353330373538386438663134643332656135613763
32303230633233363037346533323766343761303762366363353730333738373430356135366432
66336262316161333861333335653266656235353233363562343165643438656565613363363139
36373962363736393631323034316366616666666664623161393634313638343365393462316165
66336139653130326464333133663438633662666135323664363633323532336331656465633866
64366261613863356333663762616361656261303765613138636566396463636230383363613463
38376331636639313265626366383535396634313630313766623937383431333331396638383637
64306464313630356435366436353830313663626638326264313462376439383932336364343335
37336238313139623438313662366236636438623339633563663966333533376438393032626362
65376162366566646130623762353761366164303239326239636438653535306338376133333231
61326263316162316662636662313230303831373262353063653634343230666361623939363533
62363563333263336131363032333761333338323730613966323838666163323962353935383265
66373330336335303463366165633064393237623566356237373734353832356331646437333635
39663261383834353762353039663136333763646439383261653365356233306261393162623335
32646133363339306335326230626133393532363366626632663366636538373631653665356433
64626333353061323035336265623032313835306333333839376230636534646432626663303336
38323962383865663861613361656439666637646232643936366135363063653336303831363166
63653636326631336162626631303730613434363335626132643830613531383139353730633531
34656533616534383361306135616463383133653531623532373865636630313230616337366136
66343739633037623433633962383736366331373063633130306131343435646165626266623838
34343235633065306363616534633961353535313332646235353161633435303966633566313663
35346539353139666362313933366561646662303736346261663930373837353865356534366561
35373333316130356330376164343462626537303237313333643130303931346533656435386139
64326262333134376237633630323038313138346236663830653065323539343833633332313236
38653530643331303362616638366139633730346538383934396565343239633266306463386433
61373963333464393031353866666432383164383137316437653333633966366632376564323562
66373462626238383134656137616233613432653935323633343462366235333430386238346236
37323163666339616239393764366166316666666237636137353931323937643937313866313238
32343931646264613231383039313430366639326630633131633039366432643232373338623132
33373931646234623561306530393136623333626639393839663065376261396466363333633038
37636230353665336162613235393838636230623861383030336132383938336634383037626439
32633536633734343835666131326635386532653932373234383562613938663332383361616161
32643064653636363461633031633130643961353239663131333262633435376337306338623632
64303761623136393265633266336263343337313831613431336430386163336534656466316162
61326330646365623234313661366666643939656461306331353636363964663835313035643134
39373730656531323332616461636230353338393637393765326230626233613664353332626465
36346564646638623936366235313462343932643961313436613161636263393231343534353937
39363730626638626361633335316664343439646233646631326630306434366266663861626338
31366634333339373234366539393365363236343731323837373262333364353064626561306635
38643461356563343438623235363739306665386163313935313763626361633266363439383765
62363239346631313033316465373431613065376363313537313562336665313339383465626135
34636638366664383437306534353761643932643338613737653765303135636461313236323732
62613639373561663061346233353234376536373839366365303737336638656630653832336431
66356639386636316562393636626664623961363631386239316661613037343034353663306238
63656237636236613933616566323062363332303662346430383336323739626365386262326662
37363332623533633430626532343431366636313039396439636637353633343762623733323766
39643230353234613736373932393266396637633239363534383662363330666536663939386461
33353862313161343462353365393438373362633631366537643636363063653963666664386432
37303738613363653033353336336264363164626438386562393866653339316464343436326334
64383133633435626135393130393034623536613138623966653466393931663739643037383334
63333366633532666239363263363030336164313865613861613335356436376231303261623962
36356639373633393664393564623332343935346236366262336431306661636134343237613065
36373165346637313932346664323032663737346234613533376330306531376666613239313532
36656134613361653732336562663837663865623638613534343039633963386664383865663032
31626636663939343636653864613634653066643666336463363130386433333063356137336432
33623263616333323733636266633764646464373239323066313633363432383562663464616537
62333731323236623566346333376334663466376365306364323736633436316134623866393564
62323631653634393761323631633334393463396130303232396230656264363238653064306563
37383732333165326230313161336136636161343135383063666535656436333533346563643239
63626638666134313762306536396436363664393339393330386363366330306238616138303539
62323137313334313835653931633331346632303764643666343162663465666439306662633663
31643665383734666266646166343561663438333030663133333838623235356663336163633939
36313365663337333534633037343837343733646635616430373134616564613933326639366236
64356163663435646466376137626436613734383531306465316666303561353830646432393032
34343030633537613238353732336430306437306234663939316430333632343333646666333165
63643535363264353937323437666436373332613535376261636136616261326234376433626632
64633538303964343464666630343939303938343665326232626462313139663539666630363833
64383733666664623766386563653134623666363165636565383730653033356566663835663961
33323561346566373937356164633235373734613163326233396233306366303336643166323661
39633230316237626664373232383463633965663233333437666462303261633634356362343161
63373066376635326233383565626161363532353962623862386138333563643837376461346538
64363933663663396538613964336331613935643730653138353839633236643037626539353963
65393864303731336266633361333462326438363532656336373665326362366266343639396165
37613263343730636433323934393038326630666636383832356266663535356436616561373838
37353938363436333434333663663037313238663638653035303834366431656431306338616632
30336534666461303930373139663265316461613037363632376266643861653934626230386565
64356334383361343565323364663231306531646462626136336234396330353131383031313237
38613236393534393064346164306330633636383334386436333965366663393336316165396335
39626262353730346566373430613462646231356232653365306166333233386331373233323239
33633363333762653664353562626537313464616433376333356264326666363062313235303765
30663634636261633862313431656631623265356638636332633033643430386632623563323737
37636636353534653963316235383264646266303439396663306634646638323830653638353935
36393837636331393165356635626539386537363064633039386132333662306439323166353639
37643235666633333733343864393136306662316238633638306233393035393139663436356565
33643761373365613730356633353565333930616233323134623131373562663435303465396536
34353365656333343239653036386433613661323631316164376166616664633866363834396263
30353763333539393136376664343037306565643161626638326662303539376439663939303836
64333663326566613533333936306331623762643133646165323138353130646337376633303430
38393737633266316562663933656464313135326339653161313663636636313664356365333362
3435356132383565656237336533306232633031316161363834
