$ANSIBLE_VAULT;1.1;AES256
38313534663235303938373663623538643164316238663961333833343130636131386539333662
3338656236663238323337306635323833656661383034620a316265353930343037393635333935
38373565663765353162623135346132633638363262376361313238336333316166336137386139
6635656335656630650a626633386163616235613434383336623665363061306436386138326330
63643837653533393733666538653561363737306662343364646166336337376661633031653866
39633332343530313737313536643634643530616430633138393938376562326134313134663665
30633532616532636262313339343263323866396330623433393331623465353939373832666464
32623139333035613939346139366361646366626364383961366465363630306266393066353932
62313564366531646432363866346235383065343933333236373565386332313130646263643539
35383666306538316336393265376262396263646438653964303664306462313039643165353536
64376233623466623131653836323730373663643938666435316135643166626234666331653262
31616266366135616235663136346563656565656263303539346633383663376266623231393965
39653532393330323763343033346635393930333633646330663330613039393138333938343132
33666462363264323139633561366265383866336536616434396437366565323233356335323861
38373834333835663861323331653136303032396434386466643830393438663266623139383239
35623036306134363634396431366239626563366565646135613832323233336432633231316261
61346636616564363166303736326564626565323838353563623238333863353635386361656661
39356130366136653533623034376536613564306333383965623634643437663830623664323263
38633761353238346532356331646330323938353232343465306337366363393334363737383031
33633864643838653639373238323132323532393738636636643431303332633263336466313761
39356434636139396237626435383533353263356363393638613866363237636235356462653331
39623234353265353866303131643439333331343435316366373830663535383036343031343962
32353437393436353738623837656339666435363265643735613231383361663835353532663934
33356365316164363335383561643264303437393761663330343464313861663838386630303139
31663934366533383863303136626336616533646134343031646266353035326539386539333734
64643234663962643461633133353339333861626564373232623663326439656633363661636233
31373333343231316534376332316364333039333762626235666332666138623038353134316163
31356435353935366134323237643633386336653732616531656237316461643965623062393239
34313965383738316633616331396133306566323564383233383234613631386337353065653831
64366465376137613562633735653461396363393633303939323531373162333338353364393161
63386135363466636333393464623861353332366233323466666233623865646435643037653839
37396161653138613861373665303238653562343130623964326330646332363162356433643265
65316135626631643366373434313762346165633062323138333662346263393130306639633465
65653861326465386166343564353166616561336637373663343463643065363231666439373661
34653832303831396435653064356637373061373238646364356538306634313631373339393431
65306662633664626432363339313762613531613330643762636436306336373562633032626463
35653361306461313963343061623833653466313461636364653866656430353437303735366231
34623461363161663037633962373337653065653762626135373763356634316239303964363238
34373761313561623561363663626434326232653964386631663433643961616539303363373436
34666662336564633539663062373761646665373234366666386261323863353335613132633931
30333739306330373931646431343338326166396635333831653962313731643634616133613663
63656561636230366135616530373435393631396162336163633962363662353862313439336438
62326636623239643132346562653133653363333730613531623463613839323662323430653863
34306432633439376133393736333038336134613630346266373065633032346331366465323964
62653631366535323237366335346638633761336636373434613637356239383362653138616565
66373463316337376433396264346264383335333833623930663964623133616562313666386137
39393832333839386135643531326534393831653036396230353361383861306365333263626362
61663637626638616138366665343933626362363466313434326664626464393766653737363435
38346439373362636231656536383936353566393434313064356336633865636639363137656161
65346563376335383563623330383938643866346266336239333633643038393166663530333331
66366133386436633661353030333961616361303938383831613339306536623263653935373139
38343136373634353664623033613561393239333066363163306533643832623565376332313461
66656164613962346630663966613337383636376638386365636162303036383064333964343866
36643735613163313361336563336533313038323539643036626231396166643966313531613134
35353662396539353332303761383535356265316366353338343931656433353265373135393463
38346634316433653932313730383865633536396335616661613133323361643865343135313862
63303933313432396132653139353963646235356137333134313230343534666637363231336462
63653665613664316635303264386264393534623866646134363230363464316536653563313836
62633237343332643363303732363537343836616535313035306338376465323337643465623137
36396238323066326133303966383663383931646333616365643536613536323061363965613962
30373335353238393037306636306238343066306262383964663035626236653731323338626465
38323333323436393535313037343134633836616361623764643065663462666563366531643434
34303366376135336534633863316462323832613932333635376466633333393030663438313434
38336436626465633164653533333538643939303163366334326339333761356139383364393732
36306233666337636133633934303661373438613931373562616232333733623666616338386635
63306131623739303431396663633366326538333337353034306565616665363332383563393236
63373566366639333238393632396630393666613532653166636232356566343663383564306230
63313033643736653733343834346131656430616437373763393766333035633563323831656163
63646638393131636333386233643037363066303635393134653364316239333834366337363935
63366330386463636462366333653633396166653335353437303264323137373262373738333930
36616536323435363936363661626430363163396162346363313938656334363266353838383664
31333437333239643133333866363662306331653532323639313230643638303838373537613935
32343331646566333861393131316535653863316435303463366266376132383266643462663031
64623131303438353662353634376363323664386439343262363564383462613632386562343232
39633865643333356465323362613463333661663433343866353334316634623732356162306365
36323562383265346535306530363336613535396563393263356130646431636133383364626636
39326436633065326535343438383931643866343030383431363164626337396265366438333761
33346138323535653735633532396366363739633063653138646633663037643462653465616663
63303336316465656361306130613436343937323335326434396432626162653231346439373263
36346565373439346537393539633661643439666164373662323834366438373230373631343762
32613864666639353337653261323339393530383438363432326337363764666634363262653536
31613433336438366438646262373838373036303431383161333334316334343632373564313233
33373630633561313833383161306463363530313534646135643933316365323134663437316339
37363064383333376162623833323665333037623036326536366264343130306364353330613361
33636331333230663565636165323234356266393032643834363234326562303633613834346163
62316331356333356231343238343464613462306434306138646539316339666431346165646338
62393833336565306363363463323431326166613666316634353636663539653632623635393336
32386162663766633839323738396235323433633337383839663565383966666439633862663930
32613161313966386634363136326330396137346337313461613064336338353665343036313863
38383030393738353462333835653634376535393039656132613766663864623039396434633434
63356462666135313538313034333164383766666432373133353062323838386130303563343439
63323737383139376633313461323363343965376430303331333038336264386334396233396230
33353333643030653632663761353434376361363935666566393033366335313539653433383536
65393639666135303664383432636230303363353832383434653162343937393436663065663261
62386139303539656461316338346335626530643665646464613534613734656131613332613438
61653463393932646433623539643161346530333138646439323938323336303738383131636338
62303030386130666235613530636662363463333131393438613866613337643162343734303862
31313661373861386666376461633664383866653631323930303061396261313835613963313736
63306361626335336537376363393930326239386462663131653564653238363032393061393337
30623334366562373364323139663165666364333865663232353333346238366531306462333035
30393134323165393438616238613261363265353765353461623636616335613538383237303030
61616661623832613465353564626264636631643366326634643438663366663534313762383638
30373332323562616436363765393962313165663430373865373538656362616532326164643363
64656630343637353030316565333738656262323134663962393935636461663831343035613136
38653635373165336231656463623839323332613230623234343534663138356334396366363231
66363638323730653535396133633134303339333830303431323263373038646439313637323037
31386534396361386330363962623064643534626466353436386434353265656530386430626634
33356438636662656364626439343631613161346662643733343936643762323230623761386438
36316330313066366133323132663534366364656132346638303766303532353230613235396130
62363537306461643137376137333961343766633531303766343337616336363839313635346131
36333832653062333035396566326334313565393533663961353562613366386665623034336532
33373837346233333531323339373531653331373231376535306331613732316331313965636233
32313333396465383934633331636135643465626633376163353466643232353333326564333837
31366430636235376561353535336562643632366337306138316164653363313033623331326465
63366239333139353332616331343339626464393138613434373463366666366537333439363530
61336264646466366338623638336336616162626665363262303234643166313861656365653338
32613361636430316262653961623162333438303065363836353434616130663030623438313039
32633234616533316635633534646134643431643133613562356266383230393738306633376361
64646330366565373238313564376664626137323261313835393031326339363739363462303436
30323832386663366365393363616166343135653736306131343534373566356330363065343131
38326564366635363162373737363263646164353364303630326333613934346561316566316564
38623535376133323137636465393634623232636566626563666230643931353536633233353633
64643932393462663161633231636231323532396632343537313265303466313039663037656332
64323863353762643237303034346363393965303932393765373930376663666433393266323965
30623462316666383736613932353531353662343966396463313363366364303361383336316364
61386634646536633037666461333237323963323232346265373336613934666561636239333063
61373339623865663164626461643561396430303064306338613565653066613734373230346464
32643464633933363239363338313562376334363739303231326237616438633165356232663632
31323635333561376336613430313261373863396463353266306264383032306538323932343338
34396132376339613165653131396237613834343937373833653062623235313461666337626432
61653262633837343966363735613965623063653364396362343330633763666336646236306265
64633061386139303961373561326263646361643339636332363237636339323662353039346432
39313331346165643663656634623861383866306539356437376331363961643835646339336234
36643936646239353362336664363666633039313263616536363765643934373162386531636233
31373634653131373139306632626137623563343765383533373231333135353032303034653635
34666362316635653265623461613266316532383933633265303833386435326336303639313837
38306530343930383536623837396635666333663633316533363664373031363934333565343430
61653337336238623063646663616564353264373932636538386439376239336439313431313834
61616335323835633965333864323533326630653638343961616231393764306165663438623038
33306436663662623530333366393038313366306432333434623034303235306366373761633134
64336262656661633766393362386362643738303861383335333331663864613135346161613235
33376234626363633236386662343534613430616432643830643236626365383461323936316233
31316330346638376163323936373636363062316439363062343438663336366162666230386562
36646362636239623962656366643038623734656433626235396464353835653066356431353234
35623764623265336237623664303831623862343938333838613633336664356361373064353532
32616234386431363639376332313564356362353033656630346566343638616130346261343761
63313832656433386665376366663033356432626630643636633162656430383331343531323638
30616237393239373235666166666662316236303061386433356165393132313637393339643938
36656230323264643535663365366635353430363961646235366661316338326631373638343766
63643363643264396637653762333663366462323665303135383834656231326566363739343732
64663964633538636434373461616432653465653931323662383465623535383062306131313863
32333362363831313562323033613231373030636364363266623534396363366236313161646439
61363862626163316330363632393266643764386262303337386430396366636563353861653533
39356333373764613838326231316566303364656430653362653533373235363165313031333766
35633561306364313664306462623730343661383839363035663961333230323662633765646135
62346237393439306635373662643534303731613439383437653365313235323537613731616164
65366137333834363162336561653930346361623766363062386666303935646535386264336262
61383532353866613030316462373536613430623264353765303832363531323564353334643539
38643865373065326333346130366165666665653461626163366663303738336366643862303833
30333734356364323934376264356364386337366439383465303335313263316635383564643361
36303961636633643937323664303535393961376262386333396438333535323637313761333230
61613265626366323062636465623132353837633763663261383230636333623938336461333430
62303036646533623066393764663861373534646538303336316238323438663331353761386562
62633364653362666635303666353732363733363065363237323339646339346264613439626433
32666232653137316161643739326431343862613261333839383965663063626162646566356662
39393161376530353133383361376561383561363937656434643835326465646163353832636131
31383639656164616232643530386362333430316138356337663234343434376662363065613436
63343062303361363963313131643537323439636165636334613637313836656233393466386234
63383366613631623865303565326435393835613932613766623566316434316264323136336334
3435356462623735336530626561666633316430336631376339
