$ANSIBLE_VAULT;1.1;AES256
62306264383134333963313962353031383936343831363566356665643534336536306535393239
3264353566323363373935613234313739656661653732610a346136383232363433663032646466
35363335633764643937666632393538346163353864346666636439323164326136356333613639
6531343434343265370a333063306138613933656165666666303331623665343530376361643364
64666265313731353164353964326634336633376435363165333765353764633766623063643735
63346333636138303538333434626637343364353832376463363636626535623937383339613166
38666363386231643732626561323838313832323965323263393832643438393339636663663463
64623561353230656330393261633234666363316134356532636434636362346539376163336332
33663332636365383133323136663766653139383535323639663338373864613834333061313936
61656536656635356164396264343134366232396164343333373039383634373638633831323239
39306636303363363030336135616264643164636632373566393262356538636633643731346137
64373161653036636166643636373331633439656433316361633663303561636561303535373731
34666533353261643531313032616562633636623634613564346165636134666330363934326266
32306530346239383730386133643139306462393833643733373032313038366436333362303734
34633465383139356463316265663437366437386533333662306131663734383838613432313564
36393234343233356230393939616464643565373130656362353064343031613530626331666565
31383261656236336335356633643232653163326539376230643935366337616636376431373932
64373630633733323366353465343031393865313332643765356631653261326265646334623533
30323064613531396164623061326534386132316231353830303635363734626237326262396335
64393563616533313639333637333736363961313638663766363765656237323062303338376163
31393130386538636666633965626162313464306462346133666462646666376338316663333961
36383437646332333332333937623339313763663634356233316635353430636363373934353639
38303635323635386636343464393236663337363636643938303136643437336639623864356366
38336566656361353161326264356337653762333736303365306463633330643963383431393835
63623538323365653335356634613431616265656234633862346333366232383962346430336137
31376166323137363533633531656666616339643035646331653266343165333037393333393837
66326635333337343935313938616437643732623637633834343930356438343666643565313539
62323037303662336639353230643866373765653138313238343461346332643363633538366335
66643362313334633532623432316664343238386539363665653963653066353535623638626561
66616264633335653133656330333066323666366337323034336464613165343663643761303739
33323435386635343132303135613439326637393030306463633836343961386366356636343130
35356239326132613535636438663562383632636236643734616537363038393335633033653162
39356433376435633634663531633539386464633738383661346466626538623234326638353763
30666462653461616333656265633162393565643833386636383065366532356462623237663064
35323336353139363031366530646633643434653361353066633939343430333837643739346666
37623564653232653839626637333761626630323364386265336534346430303939303230366431
32653132306230643963633161333332646138633066306163663163366532343337656230303964
37353565366335666632333230313439313535343763366564343839343665336465306261326235
33373862353132366531663863333361633434383230353835376135666438386439393738323364
66323932653033653834623461303630356235646438663138353031613839633164336430343236
65353865366661363933393232313131643139653464633037303939366533396663346437336566
64396366356336663662613863636235316664303539303762636431376262646434653337646638
36653364393532323661653263303166313563346435643831646331613335343938636464373831
36663236373035393739626532376239636230333835396230373633306530396364643539616439
31623534363835653730396332313662343839373238313066643135366566386465396437646262
38353062343637663535666535623734343936623238386362653437666332663333663539336339
62316537656366373338353039316430353133666166346362363931376162366661356433333938
66666137386436323237373036343139363664343937636630623937306464333162363662313638
62303764303731633261333334616364366635313162306138303439663334373062366462653332
65363735636363656262323766393938386439663865666436333535333165613336396538616261
66626438356632643034656132376335623231646331386330366630393635303838376562363066
39623963323137666430653438306464306262656566313433376465393530656561383137343139
38313566616131396235393563306638653061343138333236396463623463393839373864633336
34306636336631396364653534646365636631396563666161346163326566353839353539366363
65356465326230663932393635633835383164363731323031386563396634386331613037323937
35633731643964316533333532393263623263323431643061626632346132333061353535663863
34383234623830313530356337663265643434386135623564313264616135623162653765386561
39613765633264343861306132643730383932336161323461613435373364333931653530303866
30363861616631346464633564633836613136663065643866313634393938333566333137623034
30623334356663623863663538336463353432343764343938656235306637306539303732653763
33323337393164313835306566396137613739633235386339623234343736383334616166396461
64373465333732313465643462633830363330393061393362306433663366326234396430396635
64343264666633376262616135663266633038323062303638303362623037373631626531353466
35383562313864366531336332646533643664306135343232656638373631653837353435333836
39623939613566333862316363336466653338623362626634376239353532383766656263373461
62346438343331393738343330353364393030653033363938613432383931656137323363623263
64663165636233646131313263346538646232356265633234366435343237363232613033313666
32326635363365666639363537646435396438316634313333626335366462613239613938623261
64653136373839643632386361303835356662643065393536363565626565633365643539306536
61343231353534336634363535356166643239323662373339333531306431656237313531393837
39663031363533326131656334666264666263623331386564663039623464323666343532653135
35366564613534343739306232346335616466653637373365626533373562613939623339396235
63653166633634363539393236666536343839626262373435323638396264336263353466303439
32643233346465346162613931623065616635616134386162346636356166306537633266343734
32633464333062356339313931626334646261653564353431396361376664623733363738636231
36633132313332346130386639643336343838623738643739313336353935313461326363363832
39653563343038353262383238343961336334393662656131366232376434636435373339373666
39656265663064666335353638646561353031343934383734313166653531616461633339373262
35626337326334663231346233306266353766623563666637386337613331323638306564616564
31316631373435626263363230653664333139623936346561323735613637386236353066663834
33653334633862373331343961306637656538633537316234643461626432363630656364663262
62333662666232643330363233363037636333383931313333656135323236633861393261346564
34333035616630633233626662366165646361336430323438623666323734646638373263373263
32396331653230643231643830333666363965306631373934663639323764353533663037626130
64323665303961616234383631623862363666666336663236326333313034633264373961633434
33366562336466373666346133623464383265643961323538616564343664663862313837393833
32613261323562373765313831633862386132643532653165366238366262633164336265643933
61613566636438636230343531656363663065306332326234353035353635353661313831373834
66636135356238306661386432666535326664303336333933313731303339363065613066643433
64376561363663653137646235656364373739666232336664393263336665333861626433613332
32633163623763326365663162303730366430643037396139346364393531643137336164633430
38626365616135393433613737636438633635623434306464386162316438393961613832383433
34376632646138306563656164393435353738616338633338353536666563383665363036643864
66356638613962303564636432366230643330366165373132633434326666633534313034333065
62663537353038373565383664336137653736356165326634623664383532393032396565306534
38396362633862376432643265613564353031303964656337356531663832336164343763353037
38323632376664613564326162393862656262303235383562356263313736386162333665393131
34373365666164646539643835656638643432613064346133353230616465343732353862623863
33393633313334393730323565343737353965373564663939373531356437376461356365366439
34636262623331363432663661343431333336393765363736643163396532613737396639653938
33393961363734636261386636373465333436336236613234373262356135646536356238383139
37346261636433333031626262353033636630653735393738303433396263346161373862333432
63326436666636343264633630316538636332313464386631633135303464656261353366353534
37333832363562366465373137666534363465326634303566313738613136333536316365643062
38393465643938636133356164353338663666333161323837656136333932373464363234366631
31343963323935346466613361613461636639613466323566663365386332313463623931663231
33613037643963303665323533653234323131613538613463376263366166666564306564653633
31316461383532353730623866653837303139386630316632306561333063373061363061323364
39646132336133663232626564396133306161353932316664613262646330653334633635313736
33653162373231343762323332656434653836666432336333656664373432663264353538303363
37363964643930653265306166663730396138656539616464333430613436613263303964633432
66326532623464663333633835313632666665366136386633343134333435633462333134393465
34623131393535366465653439376366316663366234323839316462643165636335363636313866
61383534643732343264646337326430663539366165623062636532306330313661356533333332
64306563353763613165623364383335616136303763653865373937356436346339383032353336
64313532363330613062386262303039663861363436613038343731336231356334373937316436
64633661633233393533333366653330616663336334393965333531323235333765353161623962
30656137333731366334303933393161326566363034623037646363313163386562613065396463
61306338303433366435393233353036393830376562636266613665623232663162653734366165
33336634373832653663663063303565616363663061386533363566366265363138333030396566
31346465353033343461393665313938333032383162363239663664353933346666386631383237
30383430653664386466373038633836663261303064383334343430373562383037613633623664
38313736643931376562313438316632326661373163643936313735636266623736333162353061
33656265636435336562373433313237353332663364616339373365313064666537323239633466
33633966653936636361353161386239633862383939656137346263646639643238373532616461
30343134313030316633613833613464356337353461356634313535333065353638643961353635
33633231343539616339353538363962373832306231353563663531373432666364313163363636
66623063383662343164303062326436643638646336663139386364386537386464613037663331
64373636633063396637356538303965616365373838396364633336393231666565653236396531
61343939356330633263386637346263653636313663353038633737656634646630356265633131
33653639353732303936343462353437663830643865633935313837643935393036363735343932
65323261303439326664316337356562303433343438356131336364623534363034393235346139
35313963343962666465633661646661383334373139396166356630653439383363323131326535
64373431353632616138333964323038626162333136333335626438333038613532303338313962
38626564373132663835633635376566653135313162393561333762343762396132336339373436
33356261636366626661353839386239356534353833363736303435663536313962636438616363
39323763356434613031323130353830333336336664633833343137376666356435373466303939
37633635306461343436303634393933626537316261656532356536393636623935343166613332
38353266376633643036653931396131626234663837626136366232663864613037376331616130
36633537353764353463643333323264343437336332343264373536653635633861393065626435
63326464326538316536643139383931626235623663636236393434613563343235356663386336
34653733316136386430363264633032323434373166333663646439343730323633616431656237
31643431626265326662643033636664373438326532666430633138666565643162366537633264
61383633643866383932393437333832663336383635346262363030376165643731393433336231
66353963393236633964653265383061326438353135303538633963336439363035646463303363
66366434356666306633386561656663333563623731636437313936343432636639646230303233
35653130313039383233633064326661326562393232663735383966643431363938303735396130
34373831613332353932646365666337353963623031663362306135653232393363613464643064
38643234633731663161353731653633643065346163303165653734323066613464393161653539
35323166386532393334613334333436666439383566313030303962663161656537333039646635
35636265393130393562376565343831303537373135623237333832346366666333366638393338
32636566376666626432656662353930613636356166396635663965633237353966336461346632
30333435303338376661333531653931636162366536346239376537336434353063336230363333
62306561636137633365356464383031646232666230353135666537356262393866623830653437
62343035333863313537303533316432636463373334396338643761643839366339663264353065
33306637353837386239643039636433303263316263633365313961363337623336666333376531
36653938646666356235393161626231303630653932303531613034333139343633386630376665
65333130343839653831663138366164313362623131316162643632363030633763356238363231
63633433663335303239383338646562393538623138306365376538336438383437313035353266
65386363396138386162396130323933653238386637376338323161663931316639643838663538
39383730643032376635393331303932636138343366623532323637346562383362663564623463
65393537303835663635323832343035376437636562653463353461326365383164653366656563
65383361313935363962356134313861616263643365613234303862326435643531336130626161
65303035373533623265303631313832653238633436373035643037396464313662366661663939
38303437393732343837313330363837633935643336633136666137353633326164613039373731
36616464363436316638646235363136616237646136343636336437383739316137613030623531
35376632376136376435363866353335643061313534303366646232383931656563343766303261
37656465393636323165663739653936383530343432306462663932303963363463393032326533
36326235663334346430306538656131656166393635313231636435353634363462323038633066
6638386539656233643733306563326265343666393534376361
