$ANSIBLE_VAULT;1.1;AES256
36373563366237363665663739363633396363383539666238653638386630393039336464396364
3036353362376537356133363431623865346132633930380a383734353731623232333233616462
66336163343834333738393662626233353162373265623463643364656161626336663666356530
6633333264656161300a643433663964666361313036626665616630316464363138626364326137
33363065656530313632656632373431373039633164366537343630376533383863653037663164
35393532306564383437393863383666623134613335613331633863396336313830666462663638
66653739396335343961323664643834663137663666656362626539613132626630323964626365
33643531653137363135343361343137613637396565383933393637646230343364323236333132
64333139373733336630373462613637626139346534356561333834613238643565373937383333
39313537613232393661643938613666643736623265643466366137623335613035623639316331
39353461613166653533393437353866366566383938353030623638653537333262363163303132
62323663336262363938313266346438383366393131623131636536623761326138326133643931
61646332323336313238346263396436376561313666313031643337303265346166633335653663
34616465306438303461613536356434366336383133303566623638626261613439386231326337
65386263323132333936633930613262613662636438306331393163623163653631386130373630
36393038323434643861613862636462383062306364663330366264613131623464303565363538
64313734313361353538643335313261633363373830316563373663646535346234626339336463
33323237316664386639636265383463656338353034393138393261323165333335623732396131
37646161663435356364306364396365623638636661383662353030373933396535336135363638
64623230396632363263623138313933643465393531373139303066653934393762663463313866
34396537383030366530633531623364653366633161306363616165626665333764363931656561
62343736616431643733366539373666613837336661633966393239626633366439326631383432
31373333343065323434653730626238306566373535306431393932653434613963323435306463
31376139386164343836616536633561666630333135393734653832333031656130323364336337
64346636316266663135373066636538653631646433343332353062616663393635303762343364
61636163666338303837653435336434646332356538366238643532396431303132333531663733
65316365303135643235343061636334326465616331333766613239626465363534393136303533
31333066303034313761653835353630353664616362333439323238396332386431643136353361
38356165343037383966613139373432343061646462313030343962653064396331653333626132
39303965663432636461613332303635353034663333323936663165656633373431656363636439
62623432636664616261626232363537656334386336363131383463366135306163613135616266
32623330373436663534346262383965623631613539363964396130313138343335306139633933
36663631663866363761333963336161303733666364376364356335396566383833386562306334
36633536353762346336313531376139356331343139653636363636366266633534373064353837
33336439663831303838663837336261656639613432393130616438613938353761643131306136
36386335313639656161383632663934353032643234313939663966306635663230326366386237
64613434646436616232336261353062623731343437663532316666623962346161623463323061
37376465373938373533633938363338636464353238313734663732646531633630643761376462
66363363656439376163353062623765323537626535663235333665353061306332613161616664
35343665313163643364373633373936303436643463303433653436353231383763313966643636
64633963383466393034313334393534356561383961316266633763366431626465353939376230
64313864313362613661663634303561333639393362373938333339306161613636363437333333
63643834666338313530303537396664383331336330353139396239656237333737356365646162
37666261356236633637353432313366343336346464666634613235636337363034633433323164
64633164643238303063376539326262653238323866313066393964643037336662663035396633
31653031346630343865656163643561363239303162633132636138383432316264653238613436
31623633326434616335376563353465313832326265383765346639303465373131663138633633
63313261613963643231323938653838323261363961653731373165303037653235363565343730
39393834393131323735643361373032343661323963613761316432386338656265373231316263
33663534633961356661613061613763613132333261366434343663383966643866636165363964
37313632383938396437316236343336326564626231353263633635626266336633343465346562
34393539616630653862333161373862643566306237383937633963343533613936346663336234
36663131646634623933346462323238363236316161356337326433613535663034653532396333
36333337326332373534636466306162633936663365333039343936363965323031613762663539
64316636393232643464316233643834343264383636623434656365636365613432633566613461
64653461633530316430356466616461666263303462366633623535383237326534656537363462
66633864303265356238353533373234656139353331653933633634666263623330313062363564
31653638343135326665653130623032313161316134383035396535633461303766386564343662
64386131383538656633336565383766653362343363626265363030613234376462643934646237
61666438366331383232336335303865373463343835333666366663633032393561666331316238
33363166376338353836363833636238386663326164656462643739653435636331363632623038
36623433316235313539386662616332656266643938653131376462633930653662623263346631
33343665386336313762353433326137653666633665376564363031613236636530613634633836
66373466326338616433656135316565383339393336346139306334613737303135616631633736
61663833616134623862306537383430383038306264626339383561656433353965363265356539
61356631336164626137666364653639616435363334613532346666383361643737643630376539
31613763663736393533373532323232373938323430363165633731303831383033356466363364
39643538623466393664383036353633363866316639363534643562363533643663326238376139
31653838303064356438623664376338313365363961393863336235663366393930613831333637
38356263353734326139646265636132643932666665373461663265343337393338373033363930
33313339386639613462343533653836303734343730373564343831616165333765623234323261
62313763636436346330363337646164303965653261613033363632353566343938303065396333
63336132663730343234616332623338633234313238363966626436346130343830613563656534
61653564333666663263643561643435333830393534363362616563623662626462353866393237
32366165323166343230346137303736363866323031386461326263303533303433373536383337
65346635303133316330396533356132393636353336313831666434393834366563393836646465
63356331353133626163306465386432626132653039343835356636656134643134376436323930
35313364653333363835626337353964393734323036666162353439613863333930393362396165
64393933653863643139393462343166316333663436363230376537316339333833316661376231
64316264653763643330636364346231653937666235346637376431393861303938353335666631
65356366666132633632613664353433326364303832333164643637613865343839616337336239
66623236623364383234353131343533313164353130336564633464396633396435333265663539
36316636656535643232393239663363663339313333623261663935383037613663346434653763
63363033316332663365396163313063366661616263633234626131343737393639636637333662
62303730376337653131666262306638656430306366623232376364656462393830623563666432
38633063643735633431393736323865643738306132363139636362366533336363353934356665
34656666663437353732623030323935643037353931313631303666353865383064653037333865
36393061343262626463396465353034356361303239353064393631653064313161353537366231
65303931333466383530336263633835323066376235326235383462383565353739353162643430
37633966333932646333643239356565653831646134613465313161633536346130316238373161
62383434326130353130333130386361333633323138623233306161343231636565363834663135
36373435386363653738633235313865353264313562393334663439356264393061633234663739
34303666663738356437346362383334393565333164333765653064353864376536666264393832
32343936343231613138316230303433393166343731303537343237353632633163306530303663
38323665636630613133613730643335383061383061643037306638323063343562613932353330
36383631313039366334386363653839353565336132353132653863393039646434646537363565
36353338393236306435356664323830663361366665356166356537646437656330333463393563
61636264653334616564373438353261346237386135376535363539323164373437343336343666
31633664383738313363636561623862333934303632333232633165646363373533326231633765
61353537323734313665383264306630663333636532373638303136633734303937643936373339
37303039623139346533643435386562613061303166323265653130326264666663643564616338
34653831343333343864323065346362346563336461656337383534626137656632323864646364
36623465303066623736393764393166663332346334363036363832653961373565306263346362
64383962336661303336623139663033363637366531353862363231633739303565626361623961
64306335326630333465393936613965323164663031303336646238336335393361396363336336
32316165316231633262383064356264323234643435366331323033373938316330333130306136
38373437653861653338616332393063666235616339306266383263633134303265313763323464
30336332323230356631633765333639646232366531656262633938373237376363653330313334
36356261633135663431663565303664376664653137636432663064643064313862393931663065
63316632353363303766363131643264333965313130303632653331363835306466326536323430
33386365623432653439353930643336343836653636376533386566333238396366383330336564
62663266306162303132306432373730323033353035653865663064633331316639356533313631
33613737376130376334663334633963373034363432383934393462366234346633363038626330
30333463386665633362393362346362373335616361306162643337653637366561366233333663
39313164303338613037393436613735613737336364643039353130363861626466333934313939
38623937643531633334326563386130336361363366373664316435646234353763663931363065
35643331363636383665303231323161633865613836653865336137373533623339323034616332
64303633636437613566313861343963343738393430613836623061393636376165353630326164
32623162303831366161616634626633653631326432633462333635643137616666363465646231
37386165323934616539616536336130326635376165316534303266636565363132666131663739
33326434366664613136303338383438313739613133356439613365306632646461663434323662
63316538393338366436653062613530366133353138313137343834613330306635306234306132
39666636396663343539306662326463636262613439363632376365326139323266663130333034
31393634346566393531336638383730343332323936623462656533613665306562346163653539
37373833356164633835386532323835323739353565393033666166643032303030313839333934
31636131626261323236383432623430633630326431653431396136373966636530336266376364
31363264613331666635663038353337313832376636663765316563626538643365396565626134
34393362623764303166616164346436353135613365636234383265363138633565323732323832
30643561656438363333633835393533383964373566656534643133653638653466373961633332
34346235313862633634353732653464313535363138663065356336323761373763643963343035
30633733346638633865656534353833646532656438313537306435653762626565303130353739
61626133313438363330383864316162343832326437356537626138666439393039663136336139
37663634653439353738343235333334356662613065326632363430303362613830663939376465
32356665666661303264613139363437303935616534653763653537633633383134646439326632
31323537356331393136386136333631313233643366313835353434326332656534336439653231
34643732626337646261343664373537396162353738306537383661396332623434336235393963
32626535356565343630336237643934356536646334393432363162353362396236623230396438
30353337346638313339363032333538383766373235323733613165303963343433666331333434
39323062313266353031323038333839633530383734653731316634623162646134303239316661
63393831366330653164363330646339356462643338636262343431633362663936356633363037
63326434396339353566383735346561663530316331616236383366616130326530643961323864
31653232346536373932333664343937346166633662343866346562343537353261623536303635
34623136646139613063366238633362306235313833353361633731646133653665393935626464
39613833646139396165313732373531303436656164613164376366393566393339636334333964
62346164663736326236366333383862363064333936386230346433323466343737373237653861
36663165313435383432306362633065653465353032393032643839393163376132333037386336
64616539613163386438653863356366393462393563323436333763353135313162313061636137
31613735633537313661373165623034623139313531383536363664656437356466323761613730
32326461306237353936666539633135313233643339336165353562396533653665666564313165
37616532363230366335613732303332333263616461323835336135323131623138636334656530
37366364303931303135616536663137613636623363323533306531393936663837393334616236
32363330396537313332303965656139306361303936613036333363313462363035343961356163
63616564323830353433366464363162316533393235343132653031663566346462616166326632
33616438373232626535623665636138666161656132633231383430306132613564343632323738
32643134333931303838323033663566633563386238623762306536653037613531313063366638
34306534323532613531636664646533396162653631623035373938343436623565323130633936
61343830323761336139386135653161323962373530666364363663353737663333383361643134
65646439646561386165643462613830663434383432613430323435316266666566623261663362
31386631613264376436306337306635666366636334663533383735646138373866313730363231
33633235363061373330323839303437613963613361623361633666323337363666313433333165
37316132323431373736316135633134303265366538636165306438373036623632306436353031
32316662376438393365646435306663303662663535626330643936363634366531386132633431
37383864396239366563346631346633643862326363643761396563623362646339343339313736
35663464346237353536653836376132653035643032636362316334633432303334366130643032
32663061363466303163376563376134353339653865663939396437333832396261353230396636
61393537636435336234663162616539653236363639313961356235326434366631666534343930
66323237363866643466363730316162333762333861373365316132386331663062656666393563
30393239343735616561653165646166383333386361383438303333313839663337323263336133
35313165623932333366373966666335613035353065626432613238366237303135393039343135
61663238633764383230666531663535323931376562646461353363393765323861336239303133
35643435623330343232353030363164363135346438306235613961623364613730326565376437
39653237626633326231626630643938303964353361616435363339643562636633613236653532
38363664376531653661343266396261633262643632353430623239393063623330343464356331
61343465643362666134303438346366633037383434323939343464333966306162613430336635
31613835323765353661653134396338666438356234376364393361303138326439616336633633
33666136376164613338633963613139303065303066373463653563633738323536663663366538
3239
