$ANSIBLE_VAULT;1.1;AES256
37653863306639616639316634336562643937386464396166373065626661656538333532656434
3861613336323331663664373138633431633236336536610a623965316130666466306234366431
63633934303565383863353830316335373632613564646432623832623934653766623732333433
3834613963326536640a396532323464323233303765373031333365363935663865383061613138
64623563613861343133653966646166663134373664663562666466376635396132303265316231
63663661376635343538386361343065363862623965336330636533313135656564353331626666
30323263626536613836323565316635303332663934386336313530366236333333613465333835
30363239383930643064356535373064343136323364656539353666396663373565363635336338
37313232636436363037613937333036313431333835333730303365646633393164376235633564
61336261386637313131316630663430386233353862646534383539653538366538323163643030
65333139633561363134313131333161306330386533653632616637393765363833323162393431
63626263643362333539623536616465323337303033633261366162336664363666383537393962
62313631666133373162366461396433306130353666343033623331366433393563656431636633
39393230646266373937336561303166643039316564393166616439343031376531333536626630
63646263366566613161376636313636353530663364383738353536316135316662643133326332
66333030393763363732616638393865343064313435646335366161333935616235343762666466
38353639663934363538646263653338303836643336393734353161633431353230373037623533
64343861643530336333393530363035353762386238633938613238396637643566643130626564
36646262316362353436393836633932636430326464363638343466663234356137323931646237
34613363346138313630326262313462366436616239616364623131303963623566633637393538
37393233303235343937663636623865303665666636393637343432626230303037386331316230
64313565366333656433663463623564616130633736316333306238396463346362343565323930
37343963613631376230323233373134623564636530616564383532653230393831343863356437
30386630373866663365316635353864303730336131633533656230316537633363393864653033
36666535633762633432623737623136316330393331306337396263616436656665363465343864
31363466613933663638633931636437376566303533656637313066376364346564316232356337
32663438613832613732366139663430643930636132393966656334346130663439303561616433
62613035646461396330623138616138656264656565643233633333643031376565663762353639
34613937633632393633633331316235396537616438613431396431646537663737336430346439
64353132663237623435623939623065636334623134366338323238326462333333663965313237
62326664363637353362613532353561303762316533366263623561323737353461323561353533
39386333613966616430653730386331303234376663393136613832393137616232373766346539
36653133396233373532653730376536323462393666616161373931633132613365346637616533
65396466373233366438356431653666373139633436333737646236616663656631303662656539
37636237383434643663386364393165313232613538626331626366663762383331663139303038
34303761613836306334646563303762323162373732326234623937343830666162346633396166
62653665333833366633303037663236633938613339343733393134356639633337306239356633
36633336393237396634633439326535373335313735393933623632363838373961626231633937
31653739303566346366316364323333333937646565363164616461666134383965363266396266
61343637323535656631623831343237333233396336306362663131613133363934376233396238
35393637336134613534333265353865396236653130313966353430636332316463316464626537
61336331623232656562383163636663333931356535643734643861613436626431613939316366
33333136373563636631636235343839343138646162376561633765396665323766373336616137
61353161383031653261356363396235623235303631316639353061626237303932363334393737
30646562316339623164313965656537333263346330613366366666366132383633636138303365
61616662386664323961653830666336656363323839666166626563636364646566363062326365
32373562366363306163666131326663636532343634363537393834346666396138613432386334
39376163636264393065343632336232336430396334396332353334323031323438613766653438
31626266366335663234653566623963353734303831343038353664373137633563616530383162
33316537316630353932366639303733653533383534313137313563623733383434646263396362
39653536343330663761323933373033343264656465336534643538636662393637333438343565
33376463376466653765636565653765336130396563643631633936376265323361613034643564
63636437663334636334323735356364316664303761356534623365383133343464323933643439
63663763353631363365366538313630366633353066653761346238363232336135633666383464
38323335363864333930386234363863636463656237356131636535393362356431336363353432
61316131613036663065626236626266303961626265323630646366626362616231663036383031
65646564663735666461626162356230393939643961643537333361333438313632313238633736
31366337376637663965653935643737373262326664333032353237333733373835303431346165
34363766623162313161313733396536313566366434346465643733656332346361333064383835
31656566326163336230666166366635396433363530653832376231393561323165383631336262
30393364653464373130353736366635373939373165366432623466666530663037613165326561
61343536343739616134333964623266363161656138386431376464386339613136303464323730
30613636333362613662346661393339353061373239656438623230646438646138653833396561
62646362626334346330373631613265376639373433636435643939353362346236376666363763
34346661613066313864656261303364376537323231613961646665346634393132393838333038
34646264636365346662303066633264383035646235363963316635313864613535323531623663
62666263663530343161633930393663616633613964396433373763643863646634346535376262
33663362376631386263383762303561636539613633666130626632303263356166333531323666
32633265346164663161333536643431313266636531363034333139376664316563393931626630
37366563303330633039363238316236316266313337366632643238623765626631323563396239
65656363323565316163646534313331366632313636316265373634303634373733626266356134
61646332666636316331303136353936646665343137656633636666613739353437323232313265
34346664623166306366343533393033626632633031643134313138633730383565363631306331
64663831656436646564373439343866643762396264623138646330326138363866326137346162
32313631326638373938616639366661313335656531636633623230643863356237366637346231
39653733656331643531393131373561383533616461383136656165383238643932613434666162
61396135666635653137346630373835663232653135633165386633623939383965393034343032
61336366313930633030336536373731313164363561386530343162346362376162356265396265
34643962346238333938336166653863363335316262656166303338356135373435356131646561
35346639363462643437646433333439316338306234373439303037346637613661333265393933
64333138643535363638343434653430393766393531393064643833396233386133656332356639
30326264376666623461626666336231353466393639666539333361353736613466323731376161
64353335633734376136316238323164363438633163303232306539613139663366636238333435
33393432333964663739383137353333303335363433386561613563393661633833376230306531
39343964633130363537313735666465383133346236393933366638383630343366646332616231
66383933383866313066363437356231656363346532336266396430313963663431386438383662
30626430353533383562336364376532373965343263323733316235376365353564623464323139
66326461316330666162303636646434313830623137383738616335386632333437653136373732
61633634396364646631393139396366666535346363626164383138396661353430366436376431
65396166316163373338626531643237633662316436363835303066336266646566613963386365
37656566323139613666663534366630623130333733616231396265636238316530336439393164
30323633306531313937656136303164333766363466303562353865313031613963626232343663
65353332613731633231656530386639366439316436643364373865653539366433643438343737
62636162656339313037333338353463303865393665663739646161336664363232373139363132
65303164326430636637303436633566396361616537373265366533363139336265386433663062
32303664613430636366316339313761643762313336383239616663326234323265373563386238
64656463356436366331356639326161333262376532666236356231303934333639653131643037
30386134396231353239343963383766656130333634643663386666346330396131653933316161
34353736373339333962306238646135636262316130636336616633646432393665656261623961
34313336383137323333633264363435333261303735306130633331353866353033633866613930
31303738616131306236623566326263666437383132323036346333653437373331333234643731
38613235666663626236383763613133643837373333316462616462656230303737393064386633
34666431643661343465333461313735366536313561616231616232373861313533643563636337
30303835356539386432323534366630643935386438623832623861353038316334356333303363
63366238626638306237333061626637643432346462653261386439313063663264333037646361
36663162383565306336633230313039343234366335366333336434336635353666393433383634
61366538366532653365366166353064356235373034373166303166613965393664623566346632
32333661396539366138363233363532396437353237363836356466333761626261663735363032
39326234633534313664643133613965326566643164353438306530356536346266333130666534
63613737376638383862626361306633376564613036323962353935393437646238353366383336
32343839613464303862386636343837373331376165653762656230333064663238663861326565
62653830626639353939396365333736653838623462303630616265376362376434386231316539
65356262303934383437313464376634326263656430356131323230306461353762323063333563
39316565373731333063656463343461336131653466386631616236326565333561663865656466
61346139353861633030666137376138643032316261386430656339366235623633343365373266
31343230396361343261373332653337366336616238646666373339623834376163313631373331
32633737623939353932616162363766366533653062343839613363326339613036326237646638
34353234373164656661363933643635363835383861623263326666633232636166313339366639
38663238333935346234313531613530643662633465626335313738366434333332323262326536
34636362393330613133316635633534383338313135633232666231623063393832653365623663
64633666643965363733666336376361316535373936373939333338666232336539653662363562
36653761663031373036343938356131343938396139396132633266646261656231333332633834
64303439616533396134363364616438343566623134663235373135346139616130643664313530
38313666336464623065366536653334656163646639633066643930393830396637333766633231
30343733363032613461666465613565366365646661623963386238643263306533636661336164
37323361356265623232326237613263373462356662376666653262383839383439346266373239
61386132653566366664333935343331343034613637393961393230633233323538623431396533
61393335646466343062313761386462633333663261356665643836613765646530646630663131
32653835646639356564363635323732656234613262613038373237643036623061306236333164
38616363613765333537346664326537633932313032306337396538363534633964643231366236
35653666313934386163333839623964633734386363656261663834626132356236616234323730
61666564376638633330616534313632643332636339623136653463396166313065363064636631
30343836616463363235616233666336643564663537363638323835636330386231373230326338
36393763396130316337336162346262316533303462393061396664353163383562373564613339
63336236343638666432636561396131343836373533623639626532633361646535643461383035
66633534613430326564336130616337383034623236613636663364323136666634386237366563
30396266383132373661373138346363366132626437386162343234656533313961353532666330
36343561343031653437316430393535393830313130373435383738393138303132346535653835
61646263633165663138613834633736353731326162303666323536363331313765633637326536
31643435313433353566633330663333383566613565393036623366336131386262343166623138
66383261346665613532333564356137623536313561373133633035303362346362366364333561
32346239633263663464346634653039303966343232393361383531303635313736376130373234
66656463653664626165333161663065363836616662306266306334656263346632663266386439
35386132396364386638613330636663623934373361323837666534623131653661373332623839
37663463646539383766393833346232663661653031656636306632623565623737383632613564
66383439383965343734656537633062356437386465616430653965373830313336646561656637
34356136346366646334393565393338326334316239316462356234336436323338373564353466
66383163376161653064303134623034363434643932653630386435373737663431653138666463
66303437383731633164623065356535613535333765306532313264366261633261653261373536
62663462646434633430316466633166323532376431643261393065646237333337313431663465
34636432633035666639396564393962396565306463396330306135323162306666393962376435
31643837613832313530313133646335393537303038363537626633313531636365373630346363
65636535646336373261616131353866626532303763636136336363656334643565613337343535
66636531383333313631623739653935306231663062343530373361363637393864656236323564
63613033306131663962326262666335363835626132363733613933646637383465383036663839
38333265656535346231353363353939383837653033666266376533646537383462613336353335
37643236373962313436636530303762613366386638326138336330623430353764656164346132
36633865303865636237363333303538646663333234313432623338663537363333313861626437
31666132353564633531366664666330396130643037626138636430323630313937313937373739
35333633333839343439636662373063656139306561316563303932393565383236666262343262
32313631616563323434346537356337396165633664326566316363653236636333616338643236
38393431313139633963356662656234633064656338396133333232623566353538333666333630
31313035313238633663633264343435316565336262653939663461353238656333656334303461
38666530303961313937383865333536343666343534333234396335323562363434353633653832
65643533613238393533313333643665633439636361386536363339326261383966373136653739
30623830396134336134666265306466626637383532666138646439343931383663663436336635
66363431323135636337613533653531396432343730653961646236323664336638613638633761
64663865396231313538316239316162326233303439393761333563653130313830616338373737
32616332363631626564383263633936626430666334376362633163373731316335306663346434
6136663331663365393038356336663231313863376138323563
