$ANSIBLE_VAULT;1.1;AES256
33353236623637396638656636316162643138376261396166623531343734623538306430353136
3235363863613633326562313438626463623963656662620a353935656333333636383561663334
36653233383538353561323763393531666335633739366266356530393836336666646333343834
6338666530316466660a303132313834336262623432343461343535323632373961616436636539
37373532333930323734376263343032373765383532636461623938323866366166373835396337
32663231313961336130353436316132316538616462636132376465623162353931633661613965
39313139663730373033363938613061306437373435386633373131393234326537346337386238
38346239663661666133633762356131623233656563323939356232333265336163323336393131
34646139313931333933386661656333336334333535356336663939326436303864316465306636
36616232353835346266616339313039333539663235323938326334366666313234663032623965
63303036333164383662313330633534663765356466333634653531643761316336643663643538
37653663396163653438616465346132373538346431373432306134396435616330626663633737
35343635653565393638363530316638363764383231353338653834623732396265633036306634
38623135616663626663323436356531653238363264623837626433626638653462616333656133
37306563326562633564333963303131363632636430373430366136356336643036663339303236
62313762313730386438613465643031366665326239613332356439646263373564626636326630
34303134313536393530636264653231353333643432376134613334336530636639346264333339
33323566663966373537313365333735346139373433346532663036366230356466653532306366
33653237396134376236323335633364313265666231616539376139616566366638366136396235
34366331643261386366636264633233376331393430326163303835393261336239653063663465
64363431633832656264656633646139356236383261343335666533623839646336303233363136
36303234306437653566306539656537313432383764323330623165646338393862386137623333
30373431376363336462626330363836373430363839303639306530643236636435323436373261
30383261373938323435333630353136383131333134303032346635316662623334356530393936
61303031316164633862383362663765353065366138353232373639386366336464333962323865
37343363616532653536633465346639303033353136626163633965373761373764663338373238
30666532653037356632616339313766663432616461323766343563636661343262636437353233
64646135373365313836323966386339303030633235316363393238646337383765356531623563
64383164303930373737386464323038353635316165303937326332323065373838626465353164
39663765396134383039366164373332386536383761336130623966633163366538316634336631
34653433653131356263346637646661336164656630623462653935343539393939396361353363
30633364323934653065316263333934626361306639356662323862623562633061616564303232
39626536303932626337613434363935656338646336636638343634666661633865613937313735
30623563333933623237633832616638343239346165326234353863396461346365333535396638
63326566313137636137343661373732383732373837353431346565383135343436356132666261
64383365386637663833373933343762353639633233306339373236646338386130613263363939
33643331656563366330343363376331363135363034396438376233373165323636373262626164
33316561613431363065313836386561393263326161313732353538306366613536613031616438
31326265636466643435376530346131373633636364333662356365666430613339303765333465
61386232386538386434343861376437393339386162633266313363376162626563626239356637
32333535363162646237646534643035336532393065636535386261323333376366316536326661
64346465646464656165646334303535666534353339333732343835646135316538353562343362
64393232636636326662393039613836616138636462393333653132323165643138353466393338
37343236663963653062366134306461646538653132356663343039326266383137346262623832
66386333633864386233383931376337326436643533346563663639386663623235366432366166
39643635313866633933613963333035666564353737356262326230373263316637383839633830
31616464353966396331623165336263386564396664636431303637353830383037613265303131
35333532356263653839333166383934363831386136336562616361616162316265636664303739
63666230633731363661666265356462356335643162303362336637333766393564366331386364
30303966323462626634636330636461666366646661663435646264623061643962353565663466
38633063643930636636646235333631646638653961366236656461366635346266323963363761
64346336343336316130326232383133313331633937643561313333643139366462383239333134
36623435663036636666343037613933343666646335346432386638343961323635613431376133
30363633666564376263663831303232313933663535656235353664653730376430303436663263
34306431363262303230393364336263363461383337326637646136656666616665653534373864
65663936373531383637396236383165323231383438613735393833623236643464346565366237
37323130616665633032323664663935326336326131393339653262303136346431316137323666
39363463373938646362306332393761386365383936613066333365366239356633303934303633
33663938386531343533636237613462376330316366383438323066363035626536386535313335
33326536663162653566383465323737373264396332376236313063306439363939306530386339
64626465633739353363643936376233643566313565346633653031373137333238306461653763
33363638626262346332313163336465613063363734343966313266636234393335616339613165
38316363353539346663366532393436346638373363383033616464653735373566303632633734
35663365373431323937666366313432613432623330396237623835303030323866646132623361
61353633376236333137393631613237386439616663306638613038663835663333393732363931
64373432323131633537396433363166323735346332353832353137323061303530353562336664
64633561336463316538323735303664623933323231323662376532373333353764393031633737
37386565666339353331636137356566323937616666336366383030303830316163356561303539
39663538356261313537316130623862323232626465323762313161653636613366663539656638
66626437356136376665356665306366383961613866393137656636366364386466653364376531
31343366623834663236616564386431633239383334313637616166373130663566353436366432
65623332396531303366333062623663326338356137303137383562636662393430373264393933
30653264333933336531376165646261336162643437613962383039623465346234373430343366
37623636316661393062366361373433316434363565393762323236363962363461306366613834
34386238366361376232356133623836616631323161613536323766653564353036663437393865
65333134383863336439346433616131643236316334633831313234643263613434336237623566
37656631343936633562306666323031663964616363316433306261623039633034663732613430
36326365636433303030353566623761626562656637616634343039346663353266303066316265
39343732633331353035313962323337653132623030373030656439636131363764333438313731
35363134316633393536663931623562613861313162633339643935663333393331323336623436
34376532636263666161343231643834623565343434393165656531393066616432623866653363
32353931636332626561643564653639336663633239383165353139613432313734626331643066
61326234386639326237626637343065636133323933316431306330623064306562313435616539
39663861393736383464396464346536616262653335373539646165626132626166313630636336
38373836313264363564386564633336666337383966336530333334633432323462653361623832
39653135623664653039623330343739343863633338346635393563303232356366653161383237
66333238663133623934396630396666396334663436653335386262376134333832303231343339
33393035616264623830613266353564306236376336626538376565656238343161333534633763
61663937643137623930363934643031323963326364366661623137333138393931326561646337
32363535313263623836626637353738303765643037323139333131376438616133633065636533
35616138373633363634613630663836383961363938613730663830316239656564323966343031
37383436393739333434356632353037663665666663666666383638663864636336656333346338
38643537323161316635376634616261386139386566616235633365616138366264363863633866
62616566386464643134393836336134383030623438616462613463316533333964386535373462
39323333653338303638356136653233663537323666626439653666313735363033383935363835
61313763333263653031383039313331666665303238633564366161333366653534376139313036
66653131353734363566623930313263613963326334306332346436376437323935613030303038
31613037333062383632613930306433636635356435346261396432366566646131623466306237
36613336396264633764343537666533303038636334613731356635623561643061373230336566
31323364336362626139313466356261623332303365623363636436373262323837666539646637
66323632613638653031663231653865353161383931643531396465316562333032613237396362
66343834663534623230306233623635333134303839666366313038313433626431373762646230
31666635373437366636613935326463656665333263666232353736383864386662336332616664
62646335303536306233623232396130303862333863323063376137323664646436623738343236
61386262336533653537656365313563663162623730303365316262636232383435333930373738
33633261666438386463363532626536343637313232613638323336323930633863336161313163
62393436313834313930646439323863326663313163326232363432353939346331616435613433
31373233323761326133373466643639313466623265653833303938353337386664646538323936
65373837316363333939376230623031623938326662316533326664323537353938313336663730
38636265373936376338366232616332366464623862313935366366613835666532623663373764
35303232636637356237623235646530343138313731306138376266366366643138646365306632
34643231356434666331656266663634373839653634343163363737383332663462326462333837
32363039323564626266326337303234326664633937373762343736633834386332653361386165
62303466373639343161306665616563653334316238346533333835333564386562303933363063
31643965386639343631646165643264333563356436353062386261376333383433623761306537
63343762323434393165666332353431393030303162386331313934626230633861616634373061
65613832663530336537356631323235336564326535363965323066346462333036666639373731
30653038613266363964666533313832336232316236626335303336643763366335336361643231
63343766313462323264363161326533656136356636376161623062346530643833303133633661
35656665333239396366636265313130373061656335393064323937376435383266343064343531
34303938303539393830613932643932623635643264343036353339333364313133663563396131
62646665623730656338386234656661633635653266663734303764623461623964626164363738
62636438346338313330363962646133306439306165623236393264343931623765636561356461
34626365643931656632343764353132346233386531333864356234373065633533316433613563
62323366376166396262666165353737303339363238626335623836393564376231323530333538
63336132623434353131383063313666356536626338343263623233663362383134633236383166
32323435316632633661386464303561613562633630313761393436633661336264393965366239
35643437363638623031363533623938643635393135303235646337333866333038366565303135
35663463346535633866373565343638333466313635363033656139323633303630393962323235
64366434353761613830383839353634383039666366643464386138373234373837373333613339
61643337333235643531623039353739613731396561616133633062343366363062356466326538
37376633343831373266643637326664646332633938343036393334613663636136366337386439
32323533373564653631633331386366303966356463303065336130353563396164653561373865
30326634616133646332313939363733396562333765353233663734316432633465613335653866
62653363376233333835643861343631346435663330323430313937353437666232343864363238
35653533636463353361616335396435646632366336333036303630653333393864356130616432
33623733616236623739306536373131383265363866386565653632326137643434396365363138
37323736333332643366356134323835303865643833663163633831333362663331333739643234
38643830646138316662663364386663666566353631393539316363303039663832366433376666
62346465633766386364646666633536346438613430333262326261613130643839313561393133
34656432363831666137653434613562633661323063613134653933303637333536323836626334
36346430653063373663373763376435313963343132633238386234383035326236356364663938
34346430343461656334613765386539303634366264646136316163343230323134643464336264
32316335623533396563653535343930663564623138303163633662306537336561613932376264
63396565306537316263313233343461303431363339356634313030613266323333653732646364
38393362613735656430653066386162613731386238666262643764363833613265346334376338
30366264313231353834306665653430623965613838343461363835343134626539623832616663
38326531396462353237366535353836633836623931393130396432373664613162313535316565
31666365363531373063313033623866623736323134636639663338396232333032373964666166
61333363663961373134646364383630376331376261376636323361353765643838393466373634
37393131656337666338396632366131343435376133306539666437386362386638656439346365
66393861643934373139326332383465656662396165303165643165326263313231663832616631
37363935323639623337626466343937303561656330383265326361356534383132663062656536
62393438313230636534653964623866383365353264316339663664383961633733316262363230
30373237663466326439356435336338653330666264393464653265363433313235323935363663
30613833303133646333666634336635343261393334633331393339666235343361633238656137
32303862613232653838653439646638633466363131323461643730333664366561663966643435
66613434613738316533636135653561326336333036306666393133373630356637366237386532
36613863656165646163616434393764386536633062366661623435366666363061346131333366
33303138306661633164346464656464306532373631396336313265383734306161363237666434
30323836346163646262373263313539313763656365663235636139393464646631646333306639
33363539396565336263373339393335366632333033306633333135303830366331656635303866
39346336343130333037306562636465303230643735656261313037623366623839656338626232
34353266333731646361306130653535343933303065343539306366333362336533643863636631
65333535326364393237366530393465363733396537666435656362326565376265666439396130
39356232353737343635383162643433633039373363323631333839643332373031393761323764
62643162633466656662623632313238643931626432626238623335303132346237613338366335
36303037616432656330323063393233313136343134386236336436636666653436323561633539
61323561633363623430306564623539326136336165306138653035313932323563356363343130
3135316536653763643431313832343136393839666464623262
