$ANSIBLE_VAULT;1.1;AES256
34313465636337373161396138666362316633623938343832643236306435383130353563333631
3032663338343038666264666466633762623634313865330a646235306439636138316537626561
39303562376231343565373561303961626430316539626537633632313261356265373537613961
3465636562343463350a316632643062383339366566663564363933326536326638623737626365
65636539363436623033353636373139633738623565616438323632646131623438353366656431
35373566363232376537613865636138623764633064616631386336383432373963313237393434
38636232333331623762393435306138323038653237613034623438653966653366653631623638
39383335303566623439613034303763366466326630663863356362653465343762363230313431
61343136633933353932326566363436633739306237313962316239323531373433366165343638
63346635643631323766646461656137616232313565613739386665383934313666333364316366
38653832343565393935633337323939653565333863323033386333613965323631636535393765
34653461646636363135326362323231646332306562376435303438343264633766323961626635
33333139316263326666356134366533396361333761346431323462363431613636353832313131
33313436613838653665646665356530306365353535623161383639613037633364336335643066
34396364623634663038313233376265303930653064366639333965303335363938326435613035
33623733306262333333623161303431386563336563323065353835646135343866626332373936
34666162353466393564393037376462303762633435316330386236323133313964633533383931
34323162316664333563643362646435633563646337303433306631653330316439343565323865
65396565336265373439303934363861666137383531393431316633663838346564663938326537
31376165323663366139616363373834326431333436313338386531393336646636653939376137
64656263316361656461623233353838653033616130343433363230326139633030613962343539
65623464336262626266626131616332633633613732373665396436323031646264353362363064
31616564653333306638633232666263616265646632663632393332633835643634363738316534
30393437613535383733316537303136613332663865633233353461303130376562353336636662
30656631613763613666313036353461323764646632303431353262666639323565623436303339
62613633313933306131353437646437653930376235633166646361356337643964633838656336
32323237623264383935646261643931336139663363303762336336623862333331383237376634
64356361626239623139373135643134393731643436373664656239303739626339323232623366
66363737343336353263333764376330306264613763636364356631393361353062376365353631
62363761663236396239663832323166316165336465383531626262303338363334333761396164
33613665633939643365656362386362396236386564653764333335316266613264386233373338
64343730363830636431303533316366383230623463626331303065616538663161643961383436
33663166636165623535336436653034663139373362396266623230316365303364666664393736
30366333306339643764363265653461323937623737313337336238316336646138326438353262
31346531623732383264376463613765653562383665386239343039643930386430346234313962
36326164643438323638356237396337326534386663373261316138343266383533666330336464
66636638666530366534616236626633343165636566646331313435663731663966376562656435
66346631376136653065636237313236363034633561313362313433346533353834316563303933
38643335663935393835646165326665376131396637376638663832303934326464653535306136
30333630393266306637343532663338376364393034666461323432373330623131313432353335
31666330663562623338313765383130386361636337653934363830373538633535333133363463
39623665646365333263363936623034323266643762336237393834333264653365643138643731
34613439356331616230336264613332646361323965363737323865363532656639386461643765
35653732653731313362333239346362643235386566383063333033393431323132626438353164
34363365383835616262656262366534636662306564616163633930653466623062626562356264
33653361636233386132376238336333636130386630356532663332613234323339643835366131
39366665663134653137633133313638653337653561353762376164323535626363653861656464
35383662363164353135366435656161653163373737666363343564323234653764393235323262
37613730343836623231313139376261373932383434656264323266646162396534616436333630
35623634623463353439396635653933313538383065356238666531313461633366383734656534
39333564326533306461353132383165663338353432663063643034333965333432333966313263
66303430326266656233653831663966303532646561376634356663363061393832363066616665
65396231646536323635363336303961396435653731353635616163336162366366316332636638
61353437626337616430343436376363323461656265373232663537346339343264643665316438
61313965323534336633373037633634623939646231313236663664383738386336663433623963
39656562633464643338633564383966663832663132663765383137363231356438353162363833
61643936633962383934633962623633376631353438373739313434336461363931663638336366
39626130643162613239343263646630386136616364323732343361353332363265616566623466
31366561313865656534623634613035353262666264366336636137633263383865666461613938
61393465373663663232396333326635653765303939383031666262313362383736333632346564
30613038663363636633356533306134353265373561646535326435623935633334626430326439
31373433343430313939666361386534386433643165656339393932626632373332326536666637
33373633306136623435383761366565396464323331373031633934633566393939373634396663
66376566373566383435393937666639346263323763323034356362393632373336653063613464
61346337393237643036386636633138623533383564363334336431643038306332653934366337
39303864613631323832326666396235393766306330666135373064646232313063636564633233
31623066323130323862613434373831326362356565636236643561313264323139626363616537
37656232343532623433653432396631633565373362616238326339333130383431393638353838
38666132656539613661643135653336353461306338363536323264373733356137353034393162
62313164303730366532396365623730323166383666383137306530333437626461313965633561
31623438313236643836386137323831623131363163353030363836663330323366663036366335
61633035613866666363383361663937316465333233353562323534616631353430666239323866
64386263663634303934333632373530656239303233333331666231306437386432373030333438
34393932323832616333383839666335316466313530343164646365336131353230373636663635
66623933643962393066396237616436616231613035633963663030306134336137303835613132
63323039623064653936353339363361386331633338316233616461306235613130316434636530
38306630653965626232383662633763613730306331386236343333303262616165333734663034
36376330396565623734643336353037663536313631616232346130376634666332303835613864
65316565316664643333383761343961613463396364326561333830636536626230303836313134
32643735373637306666663135373438613432653264303836376630386137616138643334336230
66623132393462316164346430666532346462313261363061353962653330386461653435646630
61363362656162336164656335646166383664313863306365646432323064353233643435363264
30356635323239313936633434306366333665316233323465363063366633633930633336356462
34353036306564633334666636656534356131303830303364363039653161623635386635333166
63353233613037373538383030313038366564396362663864386139636132376166626238386535
31373738646439653638663864306466316230356133323639616332613535323366616662356436
64646439383365643738356436306663613461373537366566636664333262373864653964346639
63656531643531346433373634373538626335333064623865383536353835653164333137333338
30376133366162363338643831373866313933313630353166306261393864373339663433343965
64616537653566663462346666396531356637643066373338376666626630373766613432323436
38313835633436636662616239613761626661346461316430633032636663396662643865353863
65343035333330366165316365373339663362383763363663616333666162353566303331356564
64663831326530316435666462323765636330626434346662636133353463326635333533386434
65646235366338653633383130323134366138343733653463383162363137393036656630326639
30353662303837643535306637393236386562653734313936346538343939336637363233613264
39316632373535353835626137653661353834656162333163383834616333363665616338303430
64323639306639626435356233313761323335363738343935653738383034663762393032306538
33646663326164366466386163313361633836386662656162663838396264373163323834333263
32643131333565343962613835616664386332666131363166653966646164376362383633326563
61623565663535393363346263633434356136656230633336336166373362363131623764396531
37656463643061316364303364353530616566353837636236366461346439363038363865373638
30333031643664303438363262363663373864626134313230396336353763633630646562623938
33386631646433343638303337653233626561653634643363643866633164353330393439653239
39613762373035666232613965326530663930646262643861316336356139663630353166303032
63613531616166303535323465396239653937383136363764636463363030313634316235366436
38316161636462363331336132316635643130663633616562656335353666356333303434373734
39663766633664316537613731333334616635303533623963323834383134376436393762386431
39343834353838626365316435633836643565323236373433333862636665633835383531383635
61323039383734613461623538643434343763393037396264613661363633353634366534356336
32626231613033653261613964326237636334636432343137323163396161313665643130646539
63333265316334363036633061626334343933333935393965663265643536336635646266323938
34313637353137386265363061636533353533346431373831653366653830373630623466383637
36393364363864656431333133376135346237623261333465353364323235313939613737316134
38303961383033356135306564373235363862653330613536336566363838363665343331396565
30336264343837663237613931653565393039623032323735643038396261343730333536666635
34623630336635326131353631376337626462613331663135643161646532366531653338343334
30653335393730666561343036306464636634326332393539643464383937663331316666396336
64373531373862353663336639303364663332383937366430616634326337363139613263376661
61383237666561333132393365623432386661396530383263373239313162326135306465623737
33343032306330363364376263666232393166636436386639623264656238653639376331666531
61383539313066366630393232383962633538626465343631663531306534303861633037303634
62396264393566666533323264373730646338643437653939636163636566656531666532396337
34646364343638613130396434316537666339643462346432373766623965626563356634666137
38626332376134386633613166633463313461393163326362333264313664633865336533633738
37613434336533633835353137363437396564623236333037653866326533393761356334313937
32346432333434376630656266303365626133323765666135633663383865633639373336633661
65336234366238636165396263336164326364326162366631353439373234333036386437643662
34643738346361353264623935363838356235393565373966643962306437623531323231333237
62646236313664613536663233316130626366376134643236613337306638346661383065616236
34663631396139356537643762393837653432653535373563376439393431623432363966346261
34653534343032663666343236343461316531613638323132373236336566623636663864646137
65643965383633613833663565653037616532303635333431623665626237666463636662383738
65383832613133656466613362386636393337313466353365366239386538373232303561393831
35643361303739633432373233393831393430623765656335616362373531373334653961663265
38616263646365336136336230326531656662316232643233666433313834616563626138316666
63376136316232653461393234636164616562613531656565333566376430626538393633343966
66636537636463656664666366353162346330393030313630656461656163326663363164626264
62623832656532656133313363643737623061353834303662363062353463653231373035376130
65343230623332303862326533393865626365623334363237613863666133376464396266306135
65366431656462663933363333393962666437663632633339386665396231373432306362663063
33306638323463366131623833383134663935383532653331396531353536643764663334323130
61303635643536646437303566636233336133653931326438333931656664626564316537353564
66653261343066313564383630336463333363363633376664666565353964613764643333623463
63363630373934353639386436653238616266333436643065633163356335636431646230383262
33356236353536316130323230613065326531386237613066383964636434343034323039343031
31323432626666646264626162326365613336313763353161313237326631653863653735383963
32323364316130353437383663633034666337373136373834323131333532396163626134333839
36316362383833306135343766643166366439383864653632393735643336613033373938356239
32346637646561633235376263653730623661633136313231333438333031346135383239656164
31333133383639643531383663363633653932323066366437353738623930663061383832643938
39653737643032633231303864363764373530356430363062633634346665336238303433326330
34623339633832346562663666343433646134303934636432666164316530626633323762666239
36366261626430653930373236376364613061626630383036383838636666313935613234363439
33343732326361633332366639303763383235336465323036646237653237353733656332343232
38393238636533633037393566663962653732616261346361303330636264346262633864303030
38663537353331663434653061313439663736663835636634646632353263643738376464376266
61326234323134636461623835303961363363323238616134373035313233643039613262363933
35333234393236633332306337383039313262636635343431333536646134386261373438623264
37323032613663336464643238633062646238656636396338373436363062653534393764393536
64353037363765653466626635353631323633653734663739663234613539646133373463323832
38383664663031326161373534356536626630363735356266333030353834323765393361393262
30626134363731643734653135353662353533623333343831306461316330623230653966373036
35613433346434366162626661323530643165356536303464326263393632623437346337313938
33613861656463313833636166636661656664346130343038333865376331633364633838316137
65643635653063643666306131316439386532306265336665333830653433356437383232666137
36623265613262643037363432363134623064653761643930653935376532313337363762343132
30326230613231656563643938363766306261643636356635323939393665626639316665326632
61333135363961666135336135346466363137313064643230636664376461343566393733393365
33323066343139366436316238613961363132636664663933383839393939313866376131616562
3735333735613930663363616535363634613436643039383236
