$ANSIBLE_VAULT;1.1;AES256
30653336386338636661313261636339303066666536393666366238366137376131646633323862
6165353930636166623539636431343734356236636633640a323362636462323134646335343965
32393834396239613964396433346536346332623462396433643262623936653538653939663764
6137313466353834370a383237633061346638393063663737633534306163323562613061363437
66643962643364396365623261333032383231633264646466616264366439356135363338353537
30343934306331303330386131666330353233373234373230323538356330326363393438323163
34393137373037396363613364613338383438613065663032663635353438383230643965613339
36666234316536623036663539653465313438396134373763336136303433366564616163353837
36346636343134626461626638383435616561633836323262373631623536653464653135366132
34343965376263633238623838366564616166313937393464653330333865343262366330616630
34616135306331393938653462353236613866326231653430343231336134323862663263306164
34323136656437643337313961613631363063316638386239316435616539653563663237376231
37376134303032646238363937393236626663653962386136333563353537326162613365346662
36306138623931393562366565323439633363393265386637383033393737346632633630653235
62643435633534613634366630326633313733663435643231623037386530383736383334613130
33363962636434353062616264396134636163303566353165613262326162346534316235666430
39333064366534326633323561346666396164363862333966663430653333333734613364633739
34353939373865633735353032326461653936646230313931373064363565623137633033383163
30623139376464623431643364366364393363336137343734353831633530626637323233366637
36333635633932336230373135663636376563376433623063353531636338653030363038323261
32613133353566343966346336303866323233393163663462336630633538656136323231643732
63383565663366313531363265656536613530333231356335393362316464396237363834393131
61323436326635633337353434363363393736326436623434393762353131656563323462613931
38386435626636393762313330383137393834613761663035316336333734366233323835376631
30663535366239316666303138653932333136373038636332386334353966373132666263343133
65646539346634356435666232373163386265623931353466356233353463613835353633646632
33323630326530366137353037303563313530326565623833396439356230636432613136656635
30363962353765623565336431353330303761326636656236613639323132356531393462306365
62643637386361643866646634323030373563643939343033643732326539353932303638653165
35376532653236633830653934326130663538303532663262376161383863393162626630393339
63303134663737623565323536323062623335663762656637623434343463393161613365643865
37656538623136636439396330396630356366613363656435363033393139356434306164633065
34353461643539653939646534323063363762316364653130393337373865316365303761303331
31383234633739326631613935663165623939336361313864623839653337383561623139303765
66313634396134373862623433336537636431303662376336363066393564653164663961353265
34633031396563663561653736613062623138623061366563623730636665313962303737666365
66653933306134353437396361333766363731323132633963613234366539626430363965326238
34373036623838393530323462623434613065373534336362306131643132376536326130323638
61306432323531336166316632393937636533353631306561643737613263376664326130323263
39376466373438393964643833366261623132633062633561323830333863353032626463343833
62316165643133303762343264313462353231613032343537353439653966646566396131323235
61383634636338333536333963623130353239336663646231623431303836666162386230616531
36383530613237326338303931383836666361326531633362656332383965613966653336613035
30393263396663303836353632393537353864346130383535346339616130626535653461336262
61663232613237363338363666376130393363343237373532363366646333666239363636626630
30636466333131383065653134363734363533663337373339373934613962313839313632366437
61356330393963323764623766616330643035373763366131323838366361343233303136643764
38653938613438656135653238366534313131623066343833646430363265323766313038323335
65346135366134623337313630346562376632666336376165333966356335363031323766316637
65613763626436613130363965303665363266623133336665353731366664333437326430353266
37636331653032393336376164363362316437346339643834313734303530343065643638373931
63396234396265623435383330353436323134623061396337396161613263623133363039653433
36646339366161333263383734386236393135313131343266633564393261653561373966366165
30623166313835356336636565316533616434666363303361323231626236343465616164306335
34626462613930653633663638303737383465643432646230356431623661633462333365316339
30616466353635316637633064646266323536353936336665313039393637386266363239363037
35303035313937386663636566346461386533326161376636653331323661383461313533656464
33623930333966366238646161303565373964313834303334383061623161313736323236343130
36333930646165386432376565356235653063636466613437393433356464653965633730303831
62343130346438613332323261666164336333646138613739323035646265346565303164623130
30643765626434373665626461653538383364313437343238613866346363626332653664313432
34366133363734333066353233306132666139653163353138333232353363373432376364383231
61366535323431643632393734343838346165656465613038306137343162383161336661303535
61356237373635636235633238376337393238383134313661303333623163386336393239303433
37376430343065643338353961336437633161376465336565343237656238373866336137636530
37303531353533353537626666323136303161396139313065633533633061363962366561383636
643165643834316663323763323230303661
